 16.61000 3.50369E+4 1.73790E+3 1.73790E+3	
 22.97000 9.99945E+3 4.95576E+2 4.95576E+2	
 28.31000 3.65848E+3 1.81391E+2 1.81391E+2	
 34.31000 1.26085E+3 6.25401E+1 6.25401E+1	
 39.64000 5.37498E+2 2.66496E+1 2.66496E+1	
 45.30000 2.26219E+2 1.12208E+1 1.12208E+1	
 50.96000 9.47475E+1 5.60613E+0 5.60613E+0	
 56.29000 4.97943E+1 2.46778E+0 2.46778E+0	
 62.29000 2.46239E+1 1.22134E+0 1.22134E+0	
 67.61000 1.17526E+1 0.58269E+0 0.58269E+0	
 72.95000 7.43038E+0 0.43983E+0 0.43983E+0	
 78.28000 4.17803E+0 0.20706E+0 0.20706E+0	
 83.28000 2.61163E+0 0.10407E+0 0.10407E+0	
 88.28000 1.56260E+0 7.74740E-2 7.74740E-2	
 94.26000 0.72800E+0 2.89790E-2 2.89790E-2	
