 16.61000 0.98873E+0 4.90430E-2 4.90430E-2	
 22.97000 1.01890E+0 5.04970E-2 5.04970E-2	
 28.31000 0.84823E+0 4.20560E-2 4.20560E-2	
 34.31000 0.61869E+0 3.06880E-2 3.06880E-2	
 39.64000 0.46056E+0 2.28350E-2 2.28350E-2	
 45.30000 0.32255E+0 1.59990E-2 1.59990E-2	
 50.96000 0.21038E+0 1.24480E-2 1.24480E-2	
 56.29000 0.15982E+0 7.92060E-3 7.92060E-3	
 62.29000 0.11423E+0 5.66580E-3 5.66580E-3	
 67.61000 7.30050E-2 3.61960E-3 3.61960E-3	
 72.95000 6.01600E-2 3.56110E-3 3.56110E-3	
 78.28000 4.29990E-2 2.13100E-3 2.13100E-3	
 83.28000 3.30010E-2 1.31500E-3 1.31500E-3	
 88.28000 2.38280E-2 1.18140E-3 1.18140E-3	
 94.26000 1.36170E-2 5.42040E-4 5.42040E-4	
