 13.34000 2.64231E+4 2.45715E+3 2.45715E+3	
 15.56000 1.26764E+4 1.17883E+3 1.17883E+3	
 17.79000 6.43266E+3 4.54073E+2 4.54073E+2	
 20.11000 2.88157E+3 2.67961E+2 2.67961E+2	
 22.33000 1.42114E+3 1.63227E+2 1.63227E+2	
 23.18000 1.16788E+3 1.08605E+2 1.08605E+2	
 24.66000 8.29961E+2 5.85855E+1 5.85855E+1	
 25.40000 8.14522E+2 5.74956E+1 5.74956E+1	
 26.88000 5.10806E+2 2.43296E+1 2.43296E+1	
 27.41000 4.29130E+2 4.92874E+1 4.92874E+1	
 28.36000 3.75468E+2 2.65035E+1 2.65035E+1	
 29.32000 2.77832E+2 1.96115E+1 1.96115E+1	
 29.85000 2.18361E+2 1.54134E+1 1.54134E+1	
 30.90000 1.77310E+2 1.64890E+1 1.64890E+1	
 31.54000 1.44890E+2 1.34735E+1 1.34735E+1	
 32.28000 1.03708E+2 9.64417E+0 9.64417E+0	
 33.76000 1.00850E+2 9.37847E+0 9.37847E+0	
 34.39000 8.30903E+1 5.86496E+0 5.86496E+0	
 36.19000 7.70375E+1 7.16406E+0 7.16406E+0	
 36.83000 6.69114E+1 4.72325E+0 4.72325E+0	
 38.41000 4.79731E+1 4.46112E+0 4.46112E+0	
 39.37000 3.25540E+1 3.02727E+0 3.02727E+0	
 40.53000 2.45493E+1 2.28289E+0 2.28289E+0	
 42.22000 1.60551E+1 1.13331E+0 1.13331E+0	
 42.96000 1.50256E+1 1.39726E+0 1.39726E+0	
 45.29000 1.11498E+1 1.03684E+0 1.03684E+0	
 47.83000 7.64833E+0 0.71123E+0 0.71123E+0	
 50.79000 3.31773E+0 0.30853E+0 0.30853E+0	
 53.54000 0.76665E+0 8.80553E-2 8.80553E-2	
 55.66000 1.34790E+0 9.51432E-2 9.51432E-2	
 58.94000 1.06658E+0 9.91866E-2 9.91866E-2	
 61.79000 0.53847E+0 6.18474E-2 6.18474E-2	
 64.33000 0.17993E+0 1.27011E-2 1.27011E-2	
 67.08000 0.14412E+0 1.34022E-2 1.34022E-2	
 69.83000 0.20389E+0 1.89600E-2 1.89600E-2	
 72.48000 0.16651E+0 1.54839E-2 1.54839E-2	
 75.12000 9.49221E-2 8.82701E-3 8.82701E-3	
 77.87000 4.24363E-2 3.94625E-3 3.94625E-3	
 80.31000 2.92671E-2 2.06590E-3 2.06590E-3	
 82.95000 2.27222E-2 2.11299E-3 2.11299E-3	
 85.81000 8.25103E-3 9.47703E-4 9.47703E-4	
 88.13000 1.23416E-2 1.14767E-3 1.14767E-3	
 90.88000 1.50136E-2 1.39616E-3 1.39616E-3	
 93.32000 1.80882E-2 1.68206E-3 1.68206E-3	
 96.07000 1.65572E-2 1.53969E-3 1.53969E-3	
 101.00000 4.42523E-3 6.02703E-4 6.02703E-4	
 103.50000 2.86035E-3 5.07252E-4 5.07252E-4	
 110.70000 9.09115E-3 1.23817E-3 1.23817E-3	
 113.00000 8.40296E-3 7.81417E-4 7.81417E-4	
 118.10000 3.19731E-3 5.67002E-4 5.67002E-4	
 120.30000 2.06847E-3 4.47875E-4 4.47875E-4	
 122.80000 1.96990E-3 3.09314E-4 3.09314E-4	
 127.40000 1.85702E-3 3.66149E-4 3.66149E-4	
 129.70000 3.99700E-3 6.27589E-4 6.27589E-4	
 132.00000 3.32813E-3 5.22569E-4 5.22569E-4	
 136.70000 2.10207E-3 4.94850E-4 4.94850E-4	
 138.50000 2.15406E-3 3.81996E-4 3.81996E-4	
 141.00000 2.47489E-3 4.87969E-4 4.87969E-4	
 145.50000 9.99973E-4 2.71818E-4 2.71818E-4	
 147.70000 2.03189E-3 4.39948E-4 4.39948E-4	
 149.80000 4.45352E-3 7.89789E-4 7.89789E-4	
 156.50000 4.11016E-3 8.89918E-4 8.89918E-4	
 158.80000 2.14504E-3 4.22937E-4 4.22937E-4	
 165.00000 4.00487E-3 7.10226E-4 7.10226E-4	
 167.30000 3.10732E-3 6.72809E-4 6.72809E-4	
