 13.34000 0.90103E+0 8.37890E-2 8.37890E-2	
 15.56000 0.79754E+0 7.41660E-2 7.41660E-2	
 17.79000 0.68892E+0 4.86300E-2 4.86300E-2	
 20.11000 0.50166E+0 4.66500E-2 4.66500E-2	
 22.33000 0.37432E+0 4.29930E-2 4.29930E-2	
 23.18000 0.35649E+0 3.31510E-2 3.31510E-2	
 24.66000 0.32334E+0 2.28240E-2 2.28240E-2	
 25.40000 0.35649E+0 2.51640E-2 2.51640E-2	
 26.88000 0.27930E+0 1.33030E-2 1.33030E-2	
 27.41000 0.25333E+0 2.90960E-2 2.90960E-2	
 28.36000 0.25333E+0 1.78820E-2 1.78820E-2	
 29.32000 0.21355E+0 1.50740E-2 1.50740E-2	
 29.85000 0.18002E+0 1.27070E-2 1.27070E-2	
 30.90000 0.16731E+0 1.55590E-2 1.55590E-2	
 31.54000 0.14810E+0 1.37720E-2 1.37720E-2	
 32.28000 0.11603E+0 1.07900E-2 1.07900E-2	
 33.76000 0.13432E+0 1.24910E-2 1.24910E-2	
 34.39000 0.11890E+0 8.39260E-3 8.39260E-3	
 36.19000 0.13432E+0 1.24910E-2 1.24910E-2	
 36.83000 0.12484E+0 8.81240E-3 8.81240E-3	
 38.41000 0.10524E+0 9.78650E-3 9.78650E-3	
 39.37000 7.85260E-2 7.30230E-3 7.30230E-3	
 40.53000 6.61960E-2 6.15570E-3 6.15570E-3	
 42.22000 5.06130E-2 3.57270E-3 3.57270E-3	
 42.96000 5.06130E-2 4.70660E-3 4.70660E-3	
 45.29000 4.59060E-2 4.26890E-3 4.26890E-3	
 47.83000 3.86980E-2 3.59860E-3 3.59860E-3	
 50.79000 2.10260E-2 1.95530E-3 1.95530E-3	
 53.54000 5.91150E-3 6.78980E-4 6.78980E-4	
 55.66000 1.19960E-2 8.46750E-4 8.46750E-4	
 58.94000 1.17060E-2 1.08860E-3 1.08860E-3	
 61.79000 7.01260E-3 8.05450E-4 8.05450E-4	
 64.33000 2.70760E-3 1.91130E-4 1.91130E-4	
 67.08000 2.51650E-3 2.34010E-4 2.34010E-4	
 69.83000 4.09960E-3 3.81230E-4 3.81230E-4	
 72.48000 3.81020E-3 3.54320E-4 3.54320E-4	
 75.12000 2.45580E-3 2.28370E-4 2.28370E-4	
 77.87000 1.24010E-3 1.15320E-4 1.15320E-4	
 80.31000 9.48210E-4 6.69320E-5 6.69320E-5	
 82.95000 8.19070E-4 7.61670E-5 7.61670E-5	
 85.81000 3.32060E-4 3.81400E-5 3.81400E-5	
 88.13000 5.40960E-4 5.03050E-5 5.03050E-5	
 90.88000 7.24990E-4 6.74190E-5 6.74190E-5	
 93.32000 9.48210E-4 8.81760E-5 8.81760E-5	
 96.07000 9.48210E-4 8.81760E-5 8.81760E-5	
 101.00000 2.93920E-4 4.00310E-5 4.00310E-5	
 103.50000 2.03830E-4 3.61470E-5 3.61470E-5	
 110.70000 7.80060E-4 1.06240E-4 1.06240E-4	
 113.00000 7.61250E-4 7.07910E-5 7.07910E-5	
 118.10000 3.24060E-4 5.74680E-5 5.74680E-5	
 120.30000 2.19310E-4 4.74860E-5 4.74860E-5	
 122.80000 2.19310E-4 3.44360E-5 3.44360E-5	
 127.40000 2.24730E-4 4.43100E-5 4.43100E-5	
 129.70000 5.02780E-4 7.89440E-5 7.89440E-5	
 132.00000 4.34300E-4 6.81920E-5 6.81920E-5	
 136.70000 2.93920E-4 6.91920E-5 6.91920E-5	
 138.50000 3.08620E-4 5.47300E-5 5.47300E-5	
 141.00000 3.66110E-4 7.21850E-5 7.21850E-5	
 145.50000 1.55850E-4 4.23640E-5 4.23640E-5	
 147.70000 3.24060E-4 7.01660E-5 7.01660E-5	
 149.80000 7.24990E-4 1.28570E-4 1.28570E-4	
 156.50000 7.07520E-4 1.53190E-4 1.53190E-4	
 158.80000 3.75150E-4 7.39680E-5 7.39680E-5	
 165.00000 7.24990E-4 1.28570E-4 1.28570E-4	
 167.30000 5.68020E-4 1.22990E-4 1.22990E-4	
