 15.59000 2.21694E+4 1.00705E+3 1.00705E+3	
 17.77000 1.24590E+4 6.24962E+2 6.24962E+2	
 18.97000 9.52477E+3 3.92280E+2 3.92280E+2	
 19.63000 7.57728E+3 3.78021E+2 3.78021E+2	
 20.22000 6.60778E+3 3.34861E+2 3.34861E+2	
 21.31000 4.88647E+3 2.85933E+2 2.85933E+2	
 22.54000 3.43089E+3 1.37630E+2 1.37630E+2	
 23.13000 3.06668E+3 1.52995E+2 1.52995E+2	
 23.97000 2.28505E+3 9.16635E+1 9.16635E+1	
 24.74000 1.89725E+3 7.61076E+1 7.61076E+1	
 25.45000 1.64600E+3 8.21176E+1 8.21176E+1	
 26.46000 1.24921E+3 6.23230E+1 6.23230E+1	
 27.05000 1.13393E+3 5.65714E+1 5.65714E+1	
 27.64000 1.00008E+3 4.01179E+1 4.01179E+1	
 28.36000 8.59076E+2 3.44614E+1 3.44614E+1	
 28.83000 6.97976E+2 2.79993E+1 2.79993E+1	
 29.42000 6.85607E+2 2.75027E+1 2.75027E+1	
 29.66000 6.18247E+2 2.48014E+1 2.48014E+1	
 30.02000 6.14414E+2 2.46472E+1 2.46472E+1	
 31.14000 4.75829E+2 1.90884E+1 1.90884E+1	
 31.74000 4.37203E+2 2.18123E+1 2.18123E+1	
 32.15000 3.64068E+2 1.91165E+1 1.91165E+1	
 32.63000 3.47198E+2 1.73207E+1 1.73207E+1	
 33.34000 2.82403E+2 1.40888E+1 1.40888E+1	
 33.93000 2.55832E+2 1.27634E+1 1.27634E+1	
 34.58000 2.18982E+2 1.09244E+1 1.09244E+1	
 35.65000 1.77470E+2 8.85403E+0 8.85403E+0	
 36.72000 1.33017E+2 6.63620E+0 6.63620E+0	
 37.37000 1.33541E+2 1.04993E+1 1.04993E+1	
 38.20000 1.09637E+2 6.53037E+0 6.53037E+0	
 39.63000 8.86091E+1 6.96619E+0 6.96619E+0	
 40.64000 7.41303E+1 2.97366E+0 2.97366E+0	
 40.70000 8.00033E+1 3.20923E+0 3.20923E+0	
 41.11000 8.02072E+1 3.21745E+0 3.21745E+0	
 41.82000 7.82619E+1 7.61423E+0 7.61423E+0	
 42.42000 5.45223E+1 2.18714E+0 2.18714E+0	
 42.95000 4.94072E+1 3.88436E+0 3.88436E+0	
 43.78000 4.06253E+1 4.37842E+0 4.37842E+0	
 44.20000 4.29580E+1 4.57431E+0 4.57431E+0	
 45.26000 2.91793E+1 2.29408E+0 2.29408E+0	
 46.39000 2.49961E+1 2.19972E+0 2.19972E+0	
 46.63000 2.05985E+1 2.19340E+0 2.19340E+0	
 47.46000 1.60295E+1 1.41063E+0 1.41063E+0	
 48.05000 1.59401E+1 0.79524E+0 0.79524E+0	
 48.59000 1.62523E+1 1.43023E+0 1.43023E+0	
 49.71000 1.13180E+1 1.30812E+0 1.30812E+0	
 50.78000 1.10002E+1 0.54879E+0 0.54879E+0	
 52.14000 1.10423E+1 0.55089E+0 0.55089E+0	
 52.14000 1.01743E+1 0.60602E+0 0.60602E+0	
 53.51000 9.05311E+0 0.45165E+0 0.45165E+0	
 54.76000 6.98453E+0 1.17524E+0 1.17524E+0	
 54.87000 8.00127E+0 0.55322E+0 0.55322E+0	
 54.93000 8.56098E+0 0.59192E+0 0.59192E+0	
 56.36000 5.01535E+0 0.25021E+0 0.25021E+0	
 57.84000 4.89977E+0 0.98793E+0 0.98793E+0	
 59.09000 3.30004E+0 0.35140E+0 0.35140E+0	
 60.45000 3.57897E+0 0.57158E+0 0.57158E+0	
 61.81000 2.17073E+0 0.12929E+0 0.12929E+0	
 62.47000 2.69851E+0 0.47691E+0 0.47691E+0	
 64.54000 1.39581E+0 9.65057E-2 9.65057E-2	
 66.03000 1.30017E+0 0.12649E+0 0.12649E+0	
 67.33000 1.22601E+0 0.10789E+0 0.10789E+0	
 68.70000 1.14211E+0 0.16255E+0 0.16255E+0	
 70.06000 0.63923E+0 7.96360E-2 7.96360E-2	
 72.67000 0.43150E+0 5.76054E-2 5.76054E-2	
 75.40000 0.41695E+0 4.43982E-2 4.43982E-2	
 78.19000 0.31625E+0 3.65528E-2 3.65528E-2	
 80.80000 0.21721E+0 2.11323E-2 2.11323E-2	
