 15.59000 0.95322E+0 4.33000E-2 4.33000E-2	
 17.77000 0.90091E+0 4.51910E-2 4.51910E-2	
 18.97000 0.89248E+0 3.67570E-2 3.67570E-2	
 19.63000 0.81303E+0 4.05610E-2 4.05610E-2	
 20.22000 0.79721E+0 4.04000E-2 4.04000E-2	
 21.31000 0.72564E+0 4.24610E-2 4.24610E-2	
 22.54000 0.63595E+0 2.55110E-2 2.55110E-2	
 23.13000 0.62947E+0 3.14040E-2 3.14040E-2	
 23.97000 0.53988E+0 2.16570E-2 2.16570E-2	
 24.74000 0.50772E+0 2.03670E-2 2.03670E-2	
 25.45000 0.49237E+0 2.45640E-2 2.45640E-2	
 26.46000 0.43546E+0 2.17250E-2 2.17250E-2	
 27.05000 0.43103E+0 2.15040E-2 2.15040E-2	
 27.64000 0.41374E+0 1.65970E-2 1.65970E-2	
 28.36000 0.39310E+0 1.57690E-2 1.57690E-2	
 28.83000 0.34062E+0 1.36640E-2 1.36640E-2	
 29.42000 0.36219E+0 1.45290E-2 1.45290E-2	
 29.66000 0.33715E+0 1.35250E-2 1.35250E-2	
 30.02000 0.35124E+0 1.40900E-2 1.40900E-2	
 31.14000 0.31384E+0 1.25900E-2 1.25900E-2	
 31.74000 0.31064E+0 1.54980E-2 1.54980E-2	
 32.15000 0.27194E+0 1.42790E-2 1.42790E-2	
 32.63000 0.27474E+0 1.37060E-2 1.37060E-2	
 33.34000 0.24298E+0 1.21220E-2 1.21220E-2	
 33.93000 0.23564E+0 1.17560E-2 1.17560E-2	
 34.58000 0.21711E+0 1.08310E-2 1.08310E-2	
 35.65000 0.19800E+0 9.87830E-3 9.87830E-3	
 36.72000 0.16638E+0 8.30070E-3 8.30070E-3	
 37.37000 0.17874E+0 1.40530E-2 1.40530E-2	
 38.20000 0.15971E+0 9.51290E-3 9.51290E-3	
 39.63000 0.14867E+0 1.16880E-2 1.16880E-2	
 40.64000 0.13698E+0 5.49480E-3 5.49480E-3	
 40.70000 0.14867E+0 5.96370E-3 5.96370E-3	
 41.11000 0.15488E+0 6.21290E-3 6.21290E-3	
 41.82000 0.16135E+0 1.56980E-2 1.56980E-2	
 42.42000 0.11869E+0 4.76120E-3 4.76120E-3	
 42.95000 0.11277E+0 8.86590E-3 8.86590E-3	
 43.78000 9.97350E-2 1.07490E-2 1.07490E-2	
 44.20000 0.10936E+0 1.16450E-2 1.16450E-2	
 45.26000 8.12730E-2 6.38970E-3 6.38970E-3	
 46.39000 7.64320E-2 6.72620E-3 6.72620E-3	
 46.63000 6.42250E-2 6.83890E-3 6.83890E-3	
 47.46000 5.34190E-2 4.70100E-3 4.70100E-3	
 48.05000 5.56510E-2 2.77640E-3 2.77640E-3	
 48.59000 5.91760E-2 5.20760E-3 5.20760E-3	
 49.71000 4.48880E-2 5.18810E-3 5.18810E-3	
 50.78000 4.72450E-2 2.35700E-3 2.35700E-3	
 52.14000 5.23360E-2 2.61100E-3 2.61100E-3	
 52.14000 4.82220E-2 2.87230E-3 2.87230E-3	
 53.51000 4.72450E-2 2.35700E-3 2.35700E-3	
 54.76000 3.96990E-2 6.67990E-3 6.67990E-3	
 54.87000 4.58160E-2 3.16780E-3 3.16780E-3	
 54.93000 4.92190E-2 3.40310E-3 3.40310E-3	
 56.36000 3.16950E-2 1.58120E-3 1.58120E-3	
 57.84000 3.40490E-2 6.86520E-3 6.86520E-3	
 59.09000 2.47920E-2 2.63990E-3 2.63990E-3	
 60.45000 2.92030E-2 4.66390E-3 4.66390E-3	
 61.81000 1.91950E-2 1.14330E-3 1.14330E-3	
 62.47000 2.47920E-2 4.38150E-3 4.38150E-3	
 64.54000 1.44120E-2 9.96440E-4 9.96440E-4	
 66.03000 1.45600E-2 1.41650E-3 1.41650E-3	
 67.33000 1.47100E-2 1.29450E-3 1.29450E-3	
 68.70000 1.47100E-2 2.09360E-3 2.09360E-3	
 70.06000 8.81750E-3 1.09850E-3 1.09850E-3	
 72.67000 6.75730E-3 9.02110E-4 9.02110E-4	
 75.40000 7.40930E-3 7.88960E-4 7.88960E-4	
 78.19000 6.35480E-3 7.34490E-4 7.34490E-4	
 80.80000 4.87000E-3 4.73800E-4 4.73800E-4	
