 29.00000 8.26500E+2 9.05871E+1 9.05871E+1	
 35.20000 1.48119E+2 1.62389E+1 1.62389E+1	
 40.40000 7.84615E+1 8.60328E+0 8.60328E+0	
 45.70000 2.53110E+1 2.77471E+0 2.77471E+0	
 45.90000 3.40152E+1 3.37483E+0 3.37483E+0	
 48.50000 1.32167E+1 1.30553E+0 1.30553E+0	
 51.20000 1.00977E+1 1.00151E+0 1.00151E+0	
 51.20000 8.35706E+0 0.82567E+0 0.82567E+0	
 56.70000 5.31243E+0 0.58235E+0 0.58235E+0	
 56.70000 4.27422E+0 0.42216E+0 0.42216E+0	
 59.40000 2.63940E+0 0.28931E+0 0.28931E+0	
 62.20000 2.55018E+0 0.27958E+0 0.27958E+0	
 62.20000 1.99450E+0 0.21399E+0 0.21399E+0	
 65.10000 1.47011E+0 0.15773E+0 0.15773E+0	
 67.70000 0.95497E+0 9.42865E-2 9.42865E-2	
 70.60000 0.40555E+0 3.60297E-2 3.60297E-2	
 72.90000 0.32403E+0 3.20126E-2 3.20126E-2	
 73.20000 0.39337E+0 4.31185E-2 4.31185E-2	
 75.70000 0.35068E+0 3.84391E-2 3.84391E-2	
 78.20000 0.40174E+0 4.82733E-2 4.82733E-2	
 80.90000 0.25283E+0 2.50738E-2 2.50738E-2	
 83.40000 0.13345E+0 1.32327E-2 1.32327E-2	
 86.10000 4.37575E-2 4.33786E-3 4.33786E-3	
 88.70000 3.58593E-2 3.55722E-3 3.55722E-3	
 91.20000 5.79587E-2 5.74588E-3 5.74588E-3	
 93.70000 7.21358E-2 7.15308E-3 7.15308E-3	
 96.10000 5.63319E-2 6.17544E-3 6.17544E-3	
 98.80000 3.65529E-2 3.62435E-3 3.62435E-3	
 101.00000 2.07695E-2 2.27614E-3 2.27614E-3	
 104.00000 1.24723E-2 1.36706E-3 1.36706E-3	
 106.00000 1.04533E-2 2.29693E-3 2.29693E-3	
 107.00000 6.97783E-3 1.29459E-3 1.29459E-3	
 109.00000 5.38576E-3 1.37227E-3 1.37227E-3	
 110.00000 7.74399E-3 1.26498E-3 1.26498E-3	
 113.00000 1.06265E-2 1.05386E-3 1.05386E-3	
 115.00000 1.46879E-2 1.60970E-3 1.60970E-3	
 118.00000 1.41599E-2 1.55187E-3 1.55187E-3	
 120.00000 1.53688E-2 1.84645E-3 1.84645E-3	
 120.00000 1.22487E-2 1.20976E-3 1.20976E-3	
 123.00000 1.15510E-2 1.14533E-3 1.14533E-3	
 125.00000 9.20969E-3 8.31043E-4 8.31043E-4	
 127.00000 2.52656E-3 6.43823E-4 6.43823E-4	
 130.00000 2.27000E-3 7.44610E-4 7.44610E-4	
 132.00000 3.56118E-3 8.65295E-4 8.65295E-4	
 134.00000 7.50238E-3 1.56216E-3 1.56216E-3	
 135.00000 8.05017E-3 1.31456E-3 1.31456E-3	
 137.00000 1.05936E-2 9.41348E-4 9.41348E-4	
 141.00000 7.78848E-3 1.10272E-3 1.10272E-3	
 143.00000 7.32121E-3 9.57852E-4 9.57852E-4	
 145.00000 3.17371E-3 7.70971E-4 7.70971E-4	
 147.00000 1.84698E-3 7.06589E-4 7.06589E-4	
 150.00000 3.28403E-3 6.46332E-4 6.46332E-4	
 154.00000 2.19354E-3 7.75041E-4 7.75041E-4	
 158.00000 5.27770E-3 8.62389E-4 8.62389E-4	
 160.00000 6.78928E-3 1.03497E-3 1.03497E-3	
 163.00000 6.42726E-3 8.40488E-4 8.40488E-4	
 167.00000 6.07592E-3 9.25774E-4 9.25774E-4	
 171.00000 4.55664E-3 7.94722E-4 7.94722E-4	
 173.00000 4.04819E-3 9.83557E-4 9.83557E-4	
