 29.00000 0.47380E+0 5.19300E-2 5.19300E-2	
 35.20000 0.18060E+0 1.98000E-2 1.98000E-2	
 40.40000 0.16270E+0 1.78400E-2 1.78400E-2	
 45.70000 8.39500E-2 9.20300E-3 9.20300E-3	
 45.90000 0.11470E+0 1.13800E-2 1.13800E-2	
 48.50000 5.48600E-2 5.41900E-3 5.41900E-3	
 51.20000 5.13400E-2 5.09200E-3 5.09200E-3	
 51.20000 4.24900E-2 4.19800E-3 4.19800E-3	
 56.70000 3.94000E-2 4.31900E-3 4.31900E-3	
 56.70000 3.17000E-2 3.13100E-3 3.13100E-3	
 59.40000 2.32000E-2 2.54300E-3 2.54300E-3	
 62.20000 2.64800E-2 2.90300E-3 2.90300E-3	
 62.20000 2.07100E-2 2.22200E-3 2.22200E-3	
 65.10000 1.79700E-2 1.92800E-3 1.92800E-3	
 67.70000 1.34100E-2 1.32400E-3 1.32400E-3	
 70.60000 6.59600E-3 5.86000E-4 5.86000E-4	
 72.90000 5.88900E-3 5.81800E-4 5.81800E-4	
 73.20000 7.25100E-3 7.94800E-4 7.94800E-4	
 75.70000 7.25100E-3 7.94800E-4 7.94800E-4	
 78.20000 9.27100E-3 1.11400E-3 1.11400E-3	
 80.90000 6.53400E-3 6.48000E-4 6.48000E-4	
 83.40000 3.81200E-3 3.78000E-4 3.78000E-4	
 86.10000 1.38600E-3 1.37400E-4 1.37400E-4	
 88.70000 1.24900E-3 1.23900E-4 1.23900E-4	
 91.20000 2.20300E-3 2.18400E-4 2.18400E-4	
 93.70000 2.98100E-3 2.95600E-4 2.95600E-4	
 96.10000 2.51400E-3 2.75600E-4 2.75600E-4	
 98.80000 1.77200E-3 1.75700E-4 1.75700E-4	
 101.00000 1.07400E-3 1.17700E-4 1.17700E-4	
 104.00000 7.01500E-4 7.68900E-5 7.68900E-5	
 106.00000 6.20300E-4 1.36300E-4 1.36300E-4	
 107.00000 4.25000E-4 7.88500E-5 7.88500E-5	
 109.00000 3.45100E-4 8.79300E-5 8.79300E-5	
 110.00000 5.08600E-4 8.30800E-5 8.30800E-5	
 113.00000 7.49500E-4 7.43300E-5 7.43300E-5	
 115.00000 1.08400E-3 1.18800E-4 1.18800E-4	
 118.00000 1.11500E-3 1.22200E-4 1.22200E-4	
 120.00000 1.26100E-3 1.51500E-4 1.51500E-4	
 120.00000 1.00500E-3 9.92600E-5 9.92600E-5	
 123.00000 1.00500E-3 9.96500E-5 9.96500E-5	
 125.00000 8.31600E-4 7.50400E-5 7.50400E-5	
 127.00000 2.36400E-4 6.02400E-5 6.02400E-5	
 130.00000 2.23400E-4 7.32800E-5 7.32800E-5	
 132.00000 3.61800E-4 8.79100E-5 8.79100E-5	
 134.00000 7.85700E-4 1.63600E-4 1.63600E-4	
 135.00000 8.55500E-4 1.39700E-4 1.39700E-4	
 137.00000 1.15800E-3 1.02900E-4 1.02900E-4	
 141.00000 8.97000E-4 1.27000E-4 1.27000E-4	
 143.00000 8.63700E-4 1.13000E-4 1.13000E-4	
 145.00000 3.83000E-4 9.30400E-5 9.30400E-5	
 147.00000 2.27700E-4 8.71100E-5 8.71100E-5	
 150.00000 4.17000E-4 8.20700E-5 8.20700E-5	
 154.00000 2.88400E-4 1.01900E-4 1.01900E-4	
 158.00000 7.14800E-4 1.16800E-4 1.16800E-4	
 160.00000 9.31500E-4 1.42000E-4 1.42000E-4	
 163.00000 8.97000E-4 1.17300E-4 1.17300E-4	
 167.00000 8.63700E-4 1.31600E-4 1.31600E-4	
 171.00000 6.56500E-4 1.14500E-4 1.14500E-4	
 173.00000 5.86100E-4 1.42400E-4 1.42400E-4	
