 5.12100 1.47914E+6 7.17483E+4 7.17483E+4	
 8.08900 2.57602E+5 1.24905E+4 1.24905E+4	
 11.16000 7.54932E+4 3.66479E+3 3.66479E+3	
 14.23000 2.48810E+4 1.20680E+3 1.20680E+3	
 16.90000 1.14547E+4 4.78400E+2 4.78400E+2	
 19.77000 4.66265E+3 2.26230E+2 2.26230E+2	
 22.44000 1.92527E+3 9.34468E+1 9.34468E+1	
 25.73000 8.75982E+2 3.65299E+1 3.65299E+1	
 30.96000 2.32010E+2 1.12597E+1 1.12597E+1	
 37.12000 7.33780E+1 3.55913E+0 3.55913E+0	
 42.46000 2.31150E+1 1.12281E+0 1.12281E+0	
 45.54000 1.19873E+1 0.58164E+0 0.58164E+0	
 50.97000 5.78540E+0 0.28074E+0 0.28074E+0	
 56.42000 2.06602E+0 8.62610E-2 8.62610E-2	
 62.26000 1.03498E+0 4.31791E-2 4.31791E-2	
