 5.12100 0.97780E+0 4.74300E-2 4.74300E-2	
 8.08900 1.05800E+0 5.13000E-2 5.13000E-2	
 11.16000 1.12000E+0 5.43700E-2 5.43700E-2	
 14.23000 0.97190E+0 4.71400E-2 4.71400E-2	
 16.90000 0.88640E+0 3.70200E-2 3.70200E-2	
 19.77000 0.67210E+0 3.26100E-2 3.26100E-2	
 22.44000 0.45800E+0 2.22300E-2 2.22300E-2	
 25.73000 0.35730E+0 1.49000E-2 1.49000E-2	
 30.96000 0.19540E+0 9.48300E-3 9.48300E-3	
 37.12000 0.12500E+0 6.06300E-3 6.06300E-3	
 42.46000 6.59600E-2 3.20400E-3 3.20400E-3	
 45.54000 4.46400E-2 2.16600E-3 2.16600E-3	
 50.97000 3.29100E-2 1.59700E-3 1.59700E-3	
 56.42000 1.71200E-2 7.14800E-4 7.14800E-4	
 62.26000 1.22700E-2 5.11900E-4 5.11900E-4	
