 12.00000 9.86415E+2 6.23017E+1 6.23017E+1	
 12.40000 7.47876E+2 4.87789E+1 4.87789E+1	
 13.00000 5.54542E+2 3.50288E+1 3.50288E+1	
 13.40000 5.27619E+2 4.12592E+1 4.12592E+1	
 13.80000 5.30512E+2 3.49365E+1 3.49365E+1	
 14.20000 5.20594E+2 3.30244E+1 3.30244E+1	
 14.60000 4.99739E+2 3.63419E+1 3.63419E+1	
 15.10000 4.57678E+2 2.31700E+1 2.31700E+1	
 15.60000 3.79765E+2 2.39790E+1 2.39790E+1	
 16.10000 2.98548E+2 1.88410E+1 1.88410E+1	
 16.50000 2.16688E+2 1.41458E+1 1.41458E+1	
 17.00000 1.42819E+2 9.34266E+0 9.34266E+0	
 17.40000 9.56280E+1 6.15045E+0 6.15045E+0	
 17.90000 5.66238E+1 3.46571E+0 3.46571E+0	
 18.00000 3.93144E+1 2.58504E+0 2.58504E+0	
 18.70000 3.39543E+1 2.31585E+0 2.31585E+0	
 19.10000 3.72057E+1 2.35349E+0 2.35349E+0	
 19.60000 4.20620E+1 2.40924E+0 2.40924E+0	
 20.20000 4.84230E+1 3.35456E+0 3.35456E+0	
 20.60000 5.51283E+1 3.50320E+0 3.50320E+0	
 21.00000 5.52581E+1 3.51603E+0 3.51603E+0	
 21.50000 4.56687E+1 3.11150E+0 3.11150E+0	
 21.90000 4.61870E+1 3.01651E+0 3.01651E+0	
 22.30000 3.61457E+1 2.11723E+0 2.11723E+0	
 22.90000 2.45347E+1 1.54996E+0 1.54996E+0	
 23.20000 1.58690E+1 1.04006E+0 1.04006E+0	
 23.70000 9.14057E+0 0.59996E+0 0.59996E+0	
 24.10000 4.52178E+0 0.28574E+0 0.28574E+0	
 24.60000 2.04302E+0 0.12964E+0 0.12964E+0	
 25.10000 2.41280E+0 0.18392E+0 0.18392E+0	
 25.40000 3.86777E+0 0.25434E+0 0.25434E+0	
 26.00000 5.11533E+0 0.30975E+0 0.30975E+0	
 26.30000 6.40670E+0 0.40153E+0 0.40153E+0	
 26.50000 7.27839E+0 0.46194E+0 0.46194E+0	
 27.00000 7.78002E+0 0.42039E+0 0.42039E+0	
 27.70000 7.22831E+0 0.51222E+0 0.51222E+0	
 28.20000 6.20940E+0 0.33275E+0 0.33275E+0	
 28.50000 5.03705E+0 0.31837E+0 0.31837E+0	
 28.80000 3.88273E+0 0.27558E+0 0.27558E+0	
 29.30000 3.15269E+0 0.19158E+0 0.19158E+0	
 29.70000 1.32687E+0 8.37118E-2 8.37118E-2	
 30.20000 0.77213E+0 4.86495E-2 4.86495E-2	
 30.60000 0.39935E+0 2.53741E-2 2.53741E-2	
 30.90000 0.18019E+0 1.14046E-2 1.14046E-2	
 31.10000 0.27043E+0 2.49603E-2 2.49603E-2	
 31.70000 0.39162E+0 3.01557E-2 3.01557E-2	
 31.90000 0.70322E+0 4.78550E-2 4.78550E-2	
 32.40000 1.06366E+0 6.34672E-2 6.34672E-2	
 32.80000 1.27385E+0 8.06062E-2 8.06062E-2	
 33.30000 1.74250E+0 0.13418E+0 0.13418E+0	
 33.80000 1.52510E+0 0.11726E+0 0.11726E+0	
 34.10000 1.30334E+0 9.93298E-2 9.93298E-2	
 34.50000 1.14986E+0 6.87959E-2 6.87959E-2	
 35.10000 1.09769E+0 7.86790E-2 7.86790E-2	
 35.40000 0.63903E+0 4.21295E-2 4.21295E-2	
 35.90000 0.55492E+0 3.77663E-2 3.77663E-2	
 36.30000 0.35302E+0 2.38790E-2 2.38790E-2	
 36.80000 0.29953E+0 2.04345E-2 2.04345E-2	
 37.20000 0.23656E+0 1.49651E-2 1.49651E-2	
 37.50000 0.15837E+0 1.00231E-2 1.00231E-2	
 38.00000 0.22254E+0 1.46516E-2 1.46516E-2	
 38.60000 0.21606E+0 1.41346E-2 1.41346E-2	
 38.90000 0.25178E+0 1.59298E-2 1.59298E-2	
 39.30000 0.32650E+0 2.35716E-2 2.35716E-2	
 39.70000 0.38405E+0 2.42667E-2 2.42667E-2	
 40.00000 0.32228E+0 1.92320E-2 1.92320E-2	
 40.60000 0.32464E+0 2.11128E-2 2.11128E-2	
 41.10000 0.32384E+0 2.04033E-2 2.04033E-2	
 41.90000 0.21313E+0 1.35033E-2 1.35033E-2	
 42.30000 0.22627E+0 1.42962E-2 1.42962E-2	
 42.60000 7.72445E-2 4.88270E-3 4.88270E-3	
 43.20000 6.13471E-2 3.89255E-3 3.89255E-3	
 43.50000 3.62821E-2 2.16738E-3 2.16738E-3	
 43.80000 2.64537E-2 1.79775E-3 1.79775E-3	
 44.40000 1.50192E-2 9.22963E-4 9.22963E-4	
 45.20000 1.27128E-2 8.35832E-4 8.35832E-4	
 46.10000 1.42564E-2 9.32685E-4 9.32685E-4	
 47.00000 1.86824E-2 1.35927E-3 1.35927E-3	
 47.90000 1.99814E-2 1.28192E-3 1.28192E-3	
 48.70000 1.87473E-2 1.19955E-3 1.19955E-3	
 49.50000 1.43937E-2 9.11859E-4 9.11859E-4	
 50.30000 1.10541E-2 6.99494E-4 6.99494E-4	
 51.00000 1.08156E-2 7.34340E-4 7.34340E-4	
 51.20000 8.51243E-3 5.40142E-4 5.40142E-4	
 52.10000 8.91137E-3 4.99336E-4 4.99336E-4	
 52.40000 1.22019E-2 7.79627E-4 7.79627E-4	
 53.00000 7.66042E-3 4.84631E-4 4.84631E-4	
 53.80000 1.09641E-2 7.20865E-4 7.20865E-4	
 54.50000 1.22017E-2 7.82749E-4 7.82749E-4	
 55.40000 1.02526E-2 6.30887E-4 6.30887E-4	
 56.30000 9.92144E-3 6.88180E-4 6.88180E-4	
 57.20000 8.97844E-3 5.56430E-4 5.56430E-4	
 58.20000 7.68372E-3 1.27554E-3 1.27554E-3	
 59.20000 6.56671E-3 8.65478E-4 8.65478E-4	
 60.30000 6.13084E-3 6.10956E-4 6.10956E-4	
 61.20000 4.26352E-3 6.46707E-4 6.46707E-4	
 62.20000 5.56271E-3 6.87784E-4 6.87784E-4	
 64.10000 2.14918E-3 3.98889E-4 3.98889E-4	
 64.90000 3.51724E-3 5.19463E-4 5.19463E-4	
 65.40000 2.15131E-3 4.80397E-4 4.80397E-4	
