 12.00000 0.14780E+0 9.33500E-3 9.33500E-3	
 12.40000 0.12770E+0 8.32900E-3 8.32900E-3	
 13.00000 0.11430E+0 7.22000E-3 7.22000E-3	
 13.40000 0.12270E+0 9.59500E-3 9.59500E-3	
 13.80000 0.13870E+0 9.13400E-3 9.13400E-3	
 14.20000 0.15250E+0 9.67400E-3 9.67400E-3	
 14.60000 0.16350E+0 1.18900E-2 1.18900E-2	
 15.10000 0.17120E+0 8.66700E-3 8.66700E-3	
 15.60000 0.16170E+0 1.02100E-2 1.02100E-2	
 16.10000 0.14410E+0 9.09400E-3 9.09400E-3	
 16.50000 0.11530E+0 7.52700E-3 7.52700E-3	
 17.00000 8.55600E-2 5.59700E-3 5.59700E-3	
 17.40000 6.28300E-2 4.04100E-3 4.04100E-3	
 17.90000 4.16300E-2 2.54800E-3 2.54800E-3	
 18.00000 2.95500E-2 1.94300E-3 1.94300E-3	
 18.70000 2.96900E-2 2.02500E-3 2.02500E-3	
 19.10000 3.53800E-2 2.23800E-3 2.23800E-3	
 19.60000 4.43100E-2 2.53800E-3 2.53800E-3	
 20.20000 5.74800E-2 3.98200E-3 3.98200E-3	
 20.60000 7.07200E-2 4.49400E-3 4.49400E-3	
 21.00000 7.64900E-2 4.86700E-3 4.86700E-3	
 21.50000 6.93800E-2 4.72700E-3 4.72700E-3	
 21.90000 7.54700E-2 4.92900E-3 4.92900E-3	
 22.30000 6.34400E-2 3.71600E-3 3.71600E-3	
 22.90000 4.78200E-2 3.02100E-3 3.02100E-3	
 23.20000 3.25600E-2 2.13400E-3 2.13400E-3	
 23.70000 2.04000E-2 1.33900E-3 1.33900E-3	
 24.10000 1.07800E-2 6.81200E-4 6.81200E-4	
 24.60000 5.28100E-3 3.35100E-4 3.35100E-4	
 25.10000 6.75100E-3 5.14600E-4 5.14600E-4	
 25.40000 1.13400E-2 7.45700E-4 7.45700E-4	
 26.00000 1.64400E-2 9.95500E-4 9.95500E-4	
 26.30000 2.15400E-2 1.35000E-3 1.35000E-3	
 26.50000 2.52100E-2 1.60000E-3 1.60000E-3	
 27.00000 2.90000E-2 1.56700E-3 1.56700E-3	
 27.70000 2.97900E-2 2.11100E-3 2.11100E-3	
 28.20000 2.74500E-2 1.47100E-3 1.47100E-3	
 28.50000 2.32100E-2 1.46700E-3 1.46700E-3	
 28.80000 1.86400E-2 1.32300E-3 1.32300E-3	
 29.30000 1.61900E-2 9.83800E-4 9.83800E-4	
 29.70000 7.18500E-3 4.53300E-4 4.53300E-4	
 30.20000 4.46300E-3 2.81200E-4 2.81200E-4	
 30.60000 2.43000E-3 1.54400E-4 1.54400E-4	
 30.90000 1.13900E-3 7.20900E-5 7.20900E-5	
 31.10000 1.75300E-3 1.61800E-4 1.61800E-4	
 31.70000 2.73500E-3 2.10600E-4 2.10600E-4	
 31.90000 5.03300E-3 3.42500E-4 3.42500E-4	
 32.40000 8.08800E-3 4.82600E-4 4.82600E-4	
 32.80000 1.01600E-2 6.42900E-4 6.42900E-4	
 33.30000 1.47400E-2 1.13500E-3 1.13500E-3	
 33.80000 1.36700E-2 1.05100E-3 1.05100E-3	
 34.10000 1.20900E-2 9.21400E-4 9.21400E-4	
 34.50000 1.11600E-2 6.67700E-4 6.67700E-4	
 35.10000 1.13900E-2 8.16400E-4 8.16400E-4	
 35.40000 6.85300E-3 4.51800E-4 4.51800E-4	
 35.90000 6.28300E-3 4.27600E-4 4.27600E-4	
 36.30000 4.17200E-3 2.82200E-4 2.82200E-4	
 36.80000 3.73200E-3 2.54600E-4 2.54600E-4	
 37.20000 3.07300E-3 1.94400E-4 1.94400E-4	
 37.50000 2.12200E-3 1.34300E-4 1.34300E-4	
 38.00000 3.13800E-3 2.06600E-4 2.06600E-4	
 38.60000 3.23600E-3 2.11700E-4 2.11700E-4	
 38.90000 3.88500E-3 2.45800E-4 2.45800E-4	
 39.30000 5.24000E-3 3.78300E-4 3.78300E-4	
 39.70000 6.40800E-3 4.04900E-4 4.04900E-4	
 40.00000 5.53500E-3 3.30300E-4 3.30300E-4	
 40.60000 5.90300E-3 3.83900E-4 3.83900E-4	
 41.10000 6.17100E-3 3.88800E-4 3.88800E-4	
 41.90000 4.37200E-3 2.77000E-4 2.77000E-4	
 42.30000 4.81300E-3 3.04100E-4 3.04100E-4	
 42.60000 1.68800E-3 1.06700E-4 1.06700E-4	
 43.20000 1.41400E-3 8.97200E-5 8.97200E-5	
 43.50000 8.58600E-4 5.12900E-5 5.12900E-5	
 43.80000 6.42600E-4 4.36700E-5 4.36700E-5	
 44.40000 3.84200E-4 2.36100E-5 2.36100E-5	
 45.20000 3.48000E-4 2.28800E-5 2.28800E-5	
 46.10000 4.20500E-4 2.75100E-5 2.75100E-5	
 47.00000 5.92800E-4 4.31300E-5 4.31300E-5	
 47.90000 6.81000E-4 4.36900E-5 4.36900E-5	
 48.70000 6.80000E-4 4.35100E-5 4.35100E-5	
 49.50000 5.55000E-4 3.51600E-5 3.51600E-5	
 50.30000 4.52600E-4 2.86400E-5 2.86400E-5	
 51.00000 4.66300E-4 3.16600E-5 3.16600E-5	
 51.20000 3.72400E-4 2.36300E-5 2.36300E-5	
 52.10000 4.16000E-4 2.33100E-5 2.33100E-5	
 52.40000 5.81900E-4 3.71800E-5 3.71800E-5	
 53.00000 3.81100E-4 2.41100E-5 2.41100E-5	
 53.80000 5.76600E-4 3.79100E-5 3.79100E-5	
 54.50000 6.73100E-4 4.31800E-5 4.31800E-5	
 55.40000 6.00800E-4 3.69700E-5 3.69700E-5	
 56.30000 6.16900E-4 4.27900E-5 4.27900E-5	
 57.20000 5.91700E-4 3.66700E-5 3.66700E-5	
 58.20000 5.39500E-4 8.95600E-5 8.95600E-5	
 59.20000 4.90600E-4 6.46600E-5 6.46600E-5	
 60.30000 4.89700E-4 4.88000E-5 4.88000E-5	
 61.20000 3.59300E-4 5.45000E-5 5.45000E-5	
 62.20000 4.97000E-4 6.14500E-5 6.14500E-5	
 64.10000 2.13900E-4 3.97000E-5 3.97000E-5	
 64.90000 3.65900E-4 5.40400E-5 5.40400E-5	
 65.40000 2.30000E-4 5.13600E-5 5.13600E-5	
