 9.71000 1.85007E+5 1.66862E+4 1.66862E+4	
 12.30000 7.34472E+4 7.48330E+3 7.48330E+3	
 14.40000 4.06883E+4 3.42522E+3 3.42522E+3	
 16.70000 2.15491E+4 1.94353E+3 1.94353E+3	
 18.80000 1.22369E+4 1.10440E+3 1.10440E+3	
 21.00000 7.06753E+3 7.39029E+2 7.39029E+2	
 23.40000 4.05880E+3 3.59462E+2 3.59462E+2	
 25.60000 2.32235E+3 2.09883E+2 2.09883E+2	
 27.90000 1.32953E+3 1.19982E+2 1.19982E+2	
 30.20000 8.06632E+2 7.29338E+1 7.29338E+1	
 32.20000 5.20093E+2 4.69164E+1 4.69164E+1	
 34.90000 3.51035E+2 2.91213E+1 2.91213E+1	
 37.00000 2.10694E+2 1.90885E+1 1.90885E+1	
 39.00000 1.31587E+2 1.19090E+1 1.19090E+1	
 41.10000 8.35616E+1 7.57465E+0 7.57465E+0	
 43.90000 6.63874E+1 6.59199E+0 6.59199E+0	
 45.80000 4.49851E+1 4.06060E+0 4.06060E+0	
 48.20000 2.98770E+1 2.44925E+0 2.44925E+0	
 50.50000 1.83043E+1 1.65125E+0 1.65125E+0	
 52.80000 1.25635E+1 1.52957E+0 1.52957E+0	
 54.90000 1.04300E+1 1.58067E+0 1.58067E+0	
 56.90000 8.86045E+0 1.02604E+0 1.02604E+0	
 59.00000 6.11622E+0 0.55263E+0 0.55263E+0	
 63.10000 2.98330E+0 0.21553E+0 0.21553E+0	
 74.60000 0.82574E+0 8.46048E-2 8.46048E-2	
 78.40000 0.37695E+0 6.74956E-2 6.74956E-2	
 80.80000 0.51727E+0 9.05230E-2 9.05230E-2	
 87.00000 0.15489E+0 1.30496E-2 1.30496E-2	
 89.10000 0.13491E+0 1.13428E-2 1.13428E-2	
 90.80000 9.72992E-2 7.98990E-3 7.98990E-3	
 92.70000 6.89272E-2 5.36101E-3 5.36101E-3	
 94.90000 8.15014E-2 6.50771E-3 6.50771E-3	
 98.80000 9.83190E-2 9.00800E-3 9.00800E-3	
 101.00000 9.29448E-2 7.41499E-3 7.41499E-3	
 103.00000 8.41862E-2 7.71301E-3 7.71301E-3	
 105.00000 3.01819E-2 2.71868E-3 2.71868E-3	
 107.00000 2.44819E-2 2.42633E-3 2.42633E-3	
 111.00000 6.76696E-3 1.66008E-3 1.66008E-3	
 113.00000 1.65545E-2 2.98245E-3 2.98245E-3	
 116.00000 2.17053E-2 2.17053E-3 2.17053E-3	
 121.00000 1.78145E-2 1.84507E-3 1.84507E-3	
 127.00000 9.81808E-3 1.87824E-3 1.87824E-3	
 130.00000 6.35825E-3 1.47457E-3 1.47457E-3	
 135.00000 4.68546E-3 1.34049E-3 1.34049E-3	
 143.00000 5.42826E-3 1.11161E-3 1.11161E-3	
 146.00000 8.04312E-3 2.30271E-3 2.30271E-3	
 148.00000 6.26431E-3 1.62487E-3 1.62487E-3	
 151.00000 3.50111E-3 1.22591E-3 1.22591E-3	
 154.00000 3.86821E-3 8.15159E-4 8.15159E-4	
 156.00000 2.30323E-3 6.91965E-4 6.91965E-4	
 162.00000 1.92779E-3 8.27701E-4 8.27701E-4	
