 9.71000 1.04000E+0 9.38000E-2 9.38000E-2	
 12.30000 1.06000E+0 0.10800E+0 0.10800E+0	
 14.40000 1.10000E+0 9.26000E-2 9.26000E-2	
 16.70000 1.05000E+0 9.47000E-2 9.47000E-2	
 18.80000 0.95400E+0 8.61000E-2 8.61000E-2	
 21.00000 0.85400E+0 8.93000E-2 8.93000E-2	
 23.40000 0.75200E+0 6.66000E-2 6.66000E-2	
 25.60000 0.61300E+0 5.54000E-2 5.54000E-2	
 27.90000 0.49200E+0 4.44000E-2 4.44000E-2	
 30.20000 0.40700E+0 3.68000E-2 3.68000E-2	
 32.20000 0.33700E+0 3.04000E-2 3.04000E-2	
 34.90000 0.31100E+0 2.58000E-2 2.58000E-2	
 37.00000 0.23400E+0 2.12000E-2 2.12000E-2	
 39.00000 0.17900E+0 1.62000E-2 1.62000E-2	
 41.10000 0.13900E+0 1.26000E-2 1.26000E-2	
 43.90000 0.14200E+0 1.41000E-2 1.41000E-2	
 45.80000 0.11300E+0 1.02000E-2 1.02000E-2	
 48.20000 9.10000E-2 7.46000E-3 7.46000E-3	
 50.50000 6.64000E-2 5.99000E-3 5.99000E-3	
 52.80000 5.38000E-2 6.55000E-3 6.55000E-3	
 54.90000 5.16000E-2 7.82000E-3 7.82000E-3	
 56.90000 5.00000E-2 5.79000E-3 5.79000E-3	
 59.00000 3.94000E-2 3.56000E-3 3.56000E-3	
 63.10000 2.45000E-2 1.77000E-3 1.77000E-3	
 74.60000 1.22000E-2 1.25000E-3 1.25000E-3	
 78.40000 6.59000E-3 1.18000E-3 1.18000E-3	
 80.80000 1.00000E-2 1.75000E-3 1.75000E-3	
 87.00000 3.81000E-3 3.21000E-4 3.21000E-4	
 89.10000 3.58000E-3 3.01000E-4 3.01000E-4	
 90.80000 2.74000E-3 2.25000E-4 2.25000E-4	
 92.70000 2.07000E-3 1.61000E-4 1.61000E-4	
 94.90000 2.63000E-3 2.10000E-4 2.10000E-4	
 98.80000 3.58000E-3 3.28000E-4 3.28000E-4	
 101.00000 3.61000E-3 2.88000E-4 2.88000E-4	
 103.00000 3.46000E-3 3.17000E-4 3.17000E-4	
 105.00000 1.31000E-3 1.18000E-4 1.18000E-4	
 107.00000 1.12000E-3 1.11000E-4 1.11000E-4	
 111.00000 3.42000E-4 8.39000E-5 8.39000E-5	
 113.00000 8.77000E-4 1.58000E-4 1.58000E-4	
 116.00000 1.23000E-3 1.23000E-4 1.23000E-4	
 121.00000 1.12000E-3 1.16000E-4 1.16000E-4	
 127.00000 6.90000E-4 1.32000E-4 1.32000E-4	
 130.00000 4.70000E-4 1.09000E-4 1.09000E-4	
 135.00000 3.74000E-4 1.07000E-4 1.07000E-4	
 143.00000 4.81000E-4 9.85000E-5 9.85000E-5	
 146.00000 7.37000E-4 2.11000E-4 2.11000E-4	
 148.00000 5.86000E-4 1.52000E-4 1.52000E-4	
 151.00000 3.37000E-4 1.18000E-4 1.18000E-4	
 154.00000 3.82000E-4 8.05000E-5 8.05000E-5	
 156.00000 2.31000E-4 6.94000E-5 6.94000E-5	
 162.00000 2.01000E-4 8.63000E-5 8.63000E-5	
