 12.40000 1.08800E+0 8.52900E-2 8.52900E-2	
 14.30000 1.24000E+0 0.10550E+0 0.10550E+0	
 14.70000 1.07000E+0 8.39100E-2 8.39100E-2	
 15.40000 0.93930E+0 7.36400E-2 7.36400E-2	
 17.30000 0.98650E+0 8.39100E-2 8.39100E-2	
 17.60000 0.86570E+0 8.07800E-2 8.07800E-2	
 19.30000 0.90910E+0 7.73300E-2 7.73300E-2	
 19.70000 0.77220E+0 4.88200E-2 4.88200E-2	
 21.50000 0.72330E+0 4.88200E-2 4.88200E-2	
 22.40000 0.62450E+0 4.89600E-2 4.89600E-2	
 23.50000 0.63480E+0 2.10700E-2 2.10700E-2	
 23.90000 0.53920E+0 4.22700E-2 4.22700E-2	
 25.10000 0.55700E+0 4.73800E-2 4.73800E-2	
 25.60000 0.48090E+0 4.48800E-2 4.48800E-2	
 26.80000 0.41520E+0 3.25500E-2 3.25500E-2	
 27.60000 0.39540E+0 3.09900E-2 3.09900E-2	
 28.80000 0.41520E+0 2.80200E-2 2.80200E-2	
 29.50000 0.35850E+0 2.81000E-2 2.81000E-2	
 30.90000 0.34130E+0 2.67600E-2 2.67600E-2	
 32.20000 0.29470E+0 2.50700E-2 2.50700E-2	
 32.20000 0.25440E+0 1.99400E-2 1.99400E-2	
 33.60000 0.24220E+0 1.89900E-2 1.89900E-2	
 34.90000 0.20910E+0 1.64000E-2 1.64000E-2	
 35.90000 0.19590E+0 1.53600E-2 1.53600E-2	
 36.60000 0.15840E+0 1.24200E-2 1.24200E-2	
 37.30000 0.18350E+0 1.16000E-2 1.16000E-2	
 38.10000 0.15840E+0 1.24200E-2 1.24200E-2	
 39.40000 0.14600E+0 1.14500E-2 1.14500E-2	
 41.00000 0.13900E+0 1.09000E-2 1.09000E-2	
 42.10000 0.15840E+0 1.24200E-2 1.24200E-2	
 42.30000 0.12000E+0 9.41100E-3 9.41100E-3	
 43.50000 9.86800E-2 6.23900E-3 6.23900E-3	
 44.50000 0.11620E+0 7.34600E-3 7.34600E-3	
 45.40000 8.24600E-2 7.69500E-3 7.69500E-3	
 46.90000 6.14600E-2 5.22800E-3 5.22800E-3	
 47.70000 5.30600E-2 4.95200E-3 4.95200E-3	
 49.80000 5.75800E-2 3.88600E-3 3.88600E-3	
 50.50000 4.65700E-2 2.94400E-3 2.94400E-3	
 52.30000 4.89000E-2 4.56400E-3 4.56400E-3	
 53.60000 4.29200E-2 3.36400E-3 3.36400E-3	
 54.60000 3.76600E-2 7.20200E-3 7.20200E-3	
 55.00000 4.50700E-2 4.63900E-3 4.63900E-3	
 56.50000 3.04600E-2 3.29000E-3 3.29000E-3	
 57.60000 3.30500E-2 2.81100E-3 2.81100E-3	
 58.70000 2.30800E-2 2.49200E-3 2.49200E-3	
 60.40000 2.67300E-2 5.78500E-3 5.78500E-3	
 61.90000 1.80600E-2 1.68600E-3 1.68600E-3	
 62.30000 2.23300E-2 3.96100E-3 3.96100E-3	
 64.00000 1.30300E-2 1.40700E-3 1.40700E-3	
 65.80000 1.32500E-2 1.99500E-3 1.99500E-3	
 67.20000 1.32500E-2 1.84800E-3 1.84800E-3	
 68.40000 1.32500E-2 1.62200E-3 1.62200E-3	
 69.50000 7.98400E-3 7.45100E-4 7.45100E-4	
 69.70000 9.24800E-3 4.64300E-4 4.64300E-4	
 71.40000 7.72800E-3 6.57400E-4 6.57400E-4	
 72.40000 6.14900E-3 4.82000E-4 4.82000E-4	
 75.50000 6.89300E-3 1.09100E-3 1.09100E-3	
 77.80000 5.85500E-3 6.32300E-4 6.32300E-4	
