 12.40000 6.29386E+4 4.93385E+3 4.93385E+3	
 14.30000 4.06604E+4 3.45942E+3 3.45942E+3	
 14.70000 3.14387E+4 2.46544E+3 2.46544E+3	
 15.40000 2.29370E+4 1.79824E+3 1.79824E+3	
 17.30000 1.51740E+4 1.29067E+3 1.29067E+3	
 17.60000 1.24376E+4 1.16057E+3 1.16057E+3	
 19.30000 9.06122E+3 7.70767E+2 7.70767E+2	
 19.70000 7.09600E+3 4.48623E+2 4.48623E+2	
 21.50000 4.70275E+3 3.17418E+2 3.17418E+2	
 22.40000 3.45304E+3 2.70714E+2 2.70714E+2	
 23.50000 2.90498E+3 9.64207E+1 9.64207E+1	
 23.90000 2.30863E+3 1.80983E+2 1.80983E+2	
 25.10000 1.96633E+3 1.67262E+2 1.67262E+2	
 25.60000 1.57091E+3 1.46606E+2 1.46606E+2	
 26.80000 1.13284E+3 8.88097E+1 8.88097E+1	
 27.60000 9.61197E+2 7.53351E+1 7.53351E+1	
 28.80000 8.54275E+2 5.76512E+1 5.76512E+1	
 29.50000 6.71452E+2 5.26299E+1 5.26299E+1	
 30.90000 5.33322E+2 4.18157E+1 4.18157E+1	
 32.20000 3.92159E+2 3.33608E+1 3.33608E+1	
 32.20000 3.38531E+2 2.65342E+1 2.65342E+1	
 33.60000 2.73127E+2 2.14149E+1 2.14149E+1	
 34.90000 2.03505E+2 1.59612E+1 1.59612E+1	
 35.90000 1.70903E+2 1.34001E+1 1.34001E+1	
 36.60000 1.28248E+2 1.00558E+1 1.00558E+1	
 37.30000 1.38092E+2 8.72955E+0 8.72955E+0	
 38.10000 1.09841E+2 8.61252E+0 8.61252E+0	
 39.40000 8.89847E+1 6.97859E+0 6.97859E+0	
 41.00000 7.27255E+1 5.70293E+0 5.70293E+0	
 42.10000 7.48975E+1 5.87264E+0 5.87264E+0	
 42.30000 5.57232E+1 4.37009E+0 4.37009E+0	
 43.50000 4.11889E+1 2.60415E+0 2.60415E+0	
 44.50000 4.44870E+1 2.81241E+0 2.81241E+0	
 45.40000 2.92610E+1 2.73058E+0 2.73058E+0	
 46.90000 1.92867E+1 1.64059E+0 1.64059E+0	
 47.70000 1.56220E+1 1.45798E+0 1.45798E+0	
 49.80000 1.44201E+1 0.97319E+0 0.97319E+0	
 50.50000 1.10694E+1 0.69977E+0 0.69977E+0	
 52.30000 1.02005E+1 0.95204E+0 0.95204E+0	
 53.60000 8.17331E+0 0.64061E+0 0.64061E+0	
 54.60000 6.69776E+0 1.28086E+0 1.28086E+0	
 55.00000 7.80258E+0 0.80311E+0 0.80311E+0	
 56.50000 4.77622E+0 0.51588E+0 0.51588E+0	
 57.60000 4.82886E+0 0.41071E+0 0.41071E+0	
 58.70000 3.14714E+0 0.33980E+0 0.33980E+0	
 60.40000 3.28572E+0 0.71111E+0 0.71111E+0	
 61.90000 2.03170E+0 0.18967E+0 0.18967E+0	
 62.30000 2.45447E+0 0.43539E+0 0.43539E+0	
 64.00000 1.30040E+0 0.14042E+0 0.14042E+0	
 65.80000 1.19793E+0 0.18037E+0 0.18037E+0	
 67.20000 1.11188E+0 0.15508E+0 0.15508E+0	
 68.40000 1.04469E+0 0.12789E+0 0.12789E+0	
 69.50000 0.59526E+0 5.55518E-2 5.55518E-2	
 69.70000 0.68260E+0 3.42704E-2 3.42704E-2	
 71.40000 0.52451E+0 4.46187E-2 4.46187E-2	
 72.40000 0.39773E+0 3.11767E-2 3.11767E-2	
 75.50000 0.38615E+0 6.11189E-2 6.11189E-2	
 77.80000 0.29632E+0 3.20007E-2 3.20007E-2	
