 13.30000 0.87500E+0 7.78000E-2 7.78000E-2	
 15.90000 0.77200E+0 6.99000E-2 6.99000E-2	
 18.20000 0.68200E+0 6.63000E-2 6.63000E-2	
 20.70000 0.47700E+0 4.90000E-2 4.90000E-2	
 22.70000 0.36100E+0 2.91000E-2 2.91000E-2	
 23.70000 0.32700E+0 2.87000E-2 2.87000E-2	
 25.10000 0.29500E+0 2.38000E-2 2.38000E-2	
 26.10000 0.34900E+0 2.80000E-2 2.80000E-2	
 27.40000 0.24300E+0 1.74000E-2 1.74000E-2	
 28.80000 0.23100E+0 2.02000E-2 2.02000E-2	
 29.80000 0.19700E+0 1.78000E-2 1.78000E-2	
 30.50000 0.16100E+0 1.56000E-2 1.56000E-2	
 31.90000 0.15900E+0 1.40000E-2 1.40000E-2	
 32.60000 0.10700E+0 9.51000E-3 9.51000E-3	
 34.70000 0.12500E+0 8.14000E-3 8.14000E-3	
 35.10000 0.10300E+0 9.35000E-3 9.35000E-3	
 36.40000 0.12100E+0 7.87000E-3 7.87000E-3	
 37.40000 0.11700E+0 7.61000E-3 7.61000E-3	
 38.90000 9.90000E-2 5.95000E-3 5.95000E-3	
 40.10000 7.75000E-2 5.92000E-3 5.92000E-3	
 42.40000 4.34000E-2 4.34000E-3 4.34000E-3	
 43.80000 4.82000E-2 3.68000E-3 3.68000E-3	
 45.60000 4.21000E-2 3.14000E-3 3.14000E-3	
 48.40000 3.50000E-2 3.07000E-3 3.07000E-3	
 54.00000 5.25000E-3 4.60000E-4 4.60000E-4	
 56.70000 1.07000E-2 9.72000E-4 9.72000E-4	
 59.40000 1.04000E-2 8.39000E-4 8.39000E-4	
 62.10000 5.81000E-3 5.25000E-4 5.25000E-4	
 64.40000 2.50000E-3 2.26000E-4 2.26000E-4	
 67.70000 2.15000E-3 2.14000E-4 2.14000E-4	
 70.10000 3.60000E-3 2.89000E-4 2.89000E-4	
 75.60000 2.10000E-3 1.60000E-4 1.60000E-4	
 80.50000 8.37000E-4 7.33000E-5 7.33000E-5	
 83.40000 7.26000E-4 5.83000E-5 5.83000E-5	
 85.80000 2.73000E-4 2.39000E-5 2.39000E-5	
 88.50000 4.55000E-4 3.66000E-5 3.66000E-5	
 91.40000 5.70000E-4 5.16000E-5 5.16000E-5	
 93.70000 8.23000E-4 8.25000E-5 8.25000E-5	
 101.00000 2.59000E-4 6.78000E-5 6.78000E-5	
 104.00000 1.84000E-4 1.82000E-5 1.82000E-5	
 114.00000 6.73000E-4 6.54000E-5 6.54000E-5	
 118.00000 2.81000E-4 6.22000E-5 6.22000E-5	
 120.00000 1.91000E-4 4.26000E-5 4.26000E-5	
 123.00000 2.00000E-4 4.69000E-5 4.69000E-5	
 128.00000 2.22000E-4 5.48000E-5 5.48000E-5	
 130.00000 4.34000E-4 6.38000E-5 6.38000E-5	
 132.00000 3.91000E-4 7.66000E-5 7.66000E-5	
 137.00000 2.47000E-4 6.94000E-5 6.94000E-5	
 139.00000 2.71000E-4 5.03000E-5 5.03000E-5	
 141.00000 3.21000E-4 7.15000E-5 7.15000E-5	
 146.00000 1.38000E-4 4.74000E-5 4.74000E-5	
 148.00000 2.87000E-4 8.64000E-5 8.64000E-5	
 150.00000 6.29000E-4 1.72000E-4 1.72000E-4	
 152.00000 6.22000E-4 1.54000E-4 1.54000E-4	
 154.00000 3.13000E-4 6.94000E-5 6.94000E-5	
 165.00000 6.38000E-4 1.10000E-4 1.10000E-4	
 167.00000 4.84000E-4 1.14000E-4 1.14000E-4	
