 13.30000 2.59684E+4 2.30896E+3 2.30896E+3	
 15.90000 1.12603E+4 1.01955E+3 1.01955E+3	
 18.20000 5.81768E+3 5.65561E+2 5.65561E+2	
 20.70000 2.44364E+3 2.51023E+2 2.51023E+2	
 22.70000 1.28446E+3 1.03540E+2 1.03540E+2	
 23.70000 9.81518E+2 8.61455E+1 8.61455E+1	
 25.10000 7.06288E+2 5.69819E+1 5.69819E+1	
 26.10000 7.16557E+2 5.74889E+1 5.74889E+1	
 27.40000 4.12222E+2 2.95171E+1 2.95171E+1	
 28.80000 3.22337E+2 2.81871E+1 2.81871E+1	
 29.80000 2.40529E+2 2.17331E+1 2.17331E+1	
 30.50000 1.79526E+2 1.73951E+1 1.73951E+1	
 31.90000 1.48823E+2 1.31040E+1 1.31040E+1	
 32.60000 9.20346E+1 8.17990E+0 8.17990E+0	
 34.70000 8.43654E+1 5.49387E+0 5.49387E+0	
 35.10000 6.64967E+1 6.03635E+0 6.03635E+0	
 36.40000 6.78632E+1 4.41391E+0 4.41391E+0	
 37.40000 5.91007E+1 3.84407E+0 3.84407E+0	
 38.90000 4.29806E+1 2.58318E+0 2.58318E+0	
 40.10000 2.99410E+1 2.28711E+0 2.28711E+0	
 42.40000 1.35453E+1 1.35453E+0 1.35453E+0	
 43.80000 1.32923E+1 1.01485E+0 1.01485E+0	
 45.60000 9.96452E+0 0.74320E+0 0.74320E+0	
 48.40000 6.61591E+0 0.58031E+0 0.58031E+0	
 54.00000 0.65963E+0 5.77965E-2 5.77965E-2	
 56.70000 1.12322E+0 0.10203E+0 0.10203E+0	
 59.40000 0.92116E+0 7.43128E-2 7.43128E-2	
 62.10000 0.43816E+0 3.95925E-2 3.95925E-2	
 64.40000 0.16549E+0 1.49601E-2 1.49601E-2	
 67.70000 0.11920E+0 1.18648E-2 1.18648E-2	
 70.10000 0.17665E+0 1.41808E-2 1.41808E-2	
 75.60000 7.94277E-2 6.05163E-3 6.05163E-3	
 80.50000 2.56326E-2 2.24477E-3 2.24477E-3	
 83.40000 1.97870E-2 1.58895E-3 1.58895E-3	
 85.80000 6.78606E-3 5.94091E-4 5.94091E-4	
 88.50000 1.02434E-2 8.23971E-4 8.23971E-4	
 91.40000 1.15958E-2 1.04972E-3 1.04972E-3	
 93.70000 1.55051E-2 1.55427E-3 1.55427E-3	
 101.00000 3.89948E-3 1.02079E-3 1.02079E-3	
 104.00000 2.54695E-3 2.51927E-4 2.51927E-4	
 114.00000 7.26073E-3 7.05575E-4 7.05575E-4	
 118.00000 2.77827E-3 6.14977E-4 6.14977E-4	
 120.00000 1.81235E-3 4.04220E-4 4.04220E-4	
 123.00000 1.78965E-3 4.19672E-4 4.19672E-4	
 128.00000 1.81570E-3 4.48199E-4 4.48199E-4	
 130.00000 3.43335E-3 5.04718E-4 5.04718E-4	
 132.00000 2.99631E-3 5.87002E-4 5.87002E-4	
 137.00000 1.75921E-3 4.94287E-4 4.94287E-4	
 139.00000 1.87910E-3 3.48778E-4 3.48778E-4	
 141.00000 2.16995E-3 4.83338E-4 4.83338E-4	
 146.00000 8.80694E-4 3.02499E-4 3.02499E-4	
 148.00000 1.79410E-3 5.40105E-4 5.40105E-4	
 150.00000 3.85662E-3 1.05459E-3 1.05459E-3	
 152.00000 3.74546E-3 9.27332E-4 9.27332E-4	
 154.00000 1.85345E-3 4.10956E-4 4.10956E-4	
 165.00000 3.52434E-3 6.07644E-4 6.07644E-4	
 167.00000 2.65081E-3 6.24365E-4 6.24365E-4	
