 8.89000 2.02748E+5 1.58759E+4 1.58759E+4	
 10.30000 1.12671E+5 8.82255E+3 8.82255E+3	
 11.30000 8.87346E+4 5.60137E+3 5.60137E+3	
 12.40000 5.29116E+4 4.14222E+3 4.14222E+3	
 13.70000 3.85868E+4 3.02122E+3 3.02122E+3	
 15.60000 1.95595E+4 1.53097E+3 1.53097E+3	
 17.00000 1.20044E+4 1.11857E+3 1.11857E+3	
 18.00000 9.11119E+3 7.13189E+2 7.13189E+2	
 19.30000 6.47460E+3 5.06802E+2 5.06802E+2	
 20.50000 4.62373E+3 2.91906E+2 2.91906E+2	
 21.70000 3.24066E+3 3.01952E+2 3.01952E+2	
 22.90000 2.30002E+3 1.80028E+2 1.80028E+2	
 24.10000 1.67757E+3 1.05895E+2 1.05895E+2	
 25.50000 1.17901E+3 9.22691E+1 9.22691E+1	
 26.80000 8.51114E+2 7.93121E+1 7.93121E+1	
 28.20000 6.42504E+2 5.02753E+1 5.02753E+1	
 29.20000 4.91943E+2 3.10585E+1 3.10585E+1	
 31.70000 2.79555E+2 2.18815E+1 2.18815E+1	
 33.60000 1.77411E+2 1.19551E+1 1.19551E+1	
 34.60000 1.38950E+2 1.17998E+1 1.17998E+1	
 35.40000 1.07996E+2 8.45676E+0 8.45676E+0	
 37.00000 8.25765E+1 6.46342E+0 6.46342E+0	
 38.70000 6.72325E+1 6.26252E+0 6.26252E+0	
 40.30000 5.84707E+1 3.69178E+0 3.69178E+0	
 41.80000 4.38963E+1 2.77177E+0 2.77177E+0	
 42.80000 3.40867E+1 2.89464E+0 2.89464E+0	
 44.10000 2.38182E+1 1.86445E+0 1.86445E+0	
 45.70000 1.62931E+1 1.51836E+0 1.51836E+0	
 46.70000 1.23458E+1 1.15040E+0 1.15040E+0	
 49.80000 9.08408E+0 0.71098E+0 0.71098E+0	
 51.30000 8.13049E+0 0.63634E+0 0.63634E+0	
 53.00000 6.11747E+0 0.47892E+0 0.47892E+0	
 54.00000 4.61880E+0 0.36150E+0 0.36150E+0	
 55.50000 3.54589E+0 0.33038E+0 0.33038E+0	
 56.60000 2.80376E+0 0.21944E+0 0.21944E+0	
 57.30000 2.31441E+0 0.18110E+0 0.18110E+0	
 58.30000 1.90710E+0 0.14918E+0 0.14918E+0	
 60.00000 2.02158E+0 0.15817E+0 0.15817E+0	
 60.10000 1.70740E+0 0.13356E+0 0.13356E+0	
 61.70000 1.50208E+0 0.11759E+0 0.11759E+0	
 62.80000 1.27835E+0 0.10011E+0 0.10011E+0	
 65.10000 0.89499E+0 7.00452E-2 7.00452E-2	
 67.00000 0.56454E+0 4.41837E-2 4.41837E-2	
 67.40000 0.44719E+0 4.16734E-2 4.16734E-2	
 68.70000 0.29692E+0 2.32393E-2 2.32393E-2	
 70.50000 0.28027E+0 2.19348E-2 2.19348E-2	
 72.60000 0.36233E+0 2.83632E-2 2.83632E-2	
 73.80000 0.28622E+0 2.24031E-2 2.24031E-2	
 75.50000 0.36098E+0 3.36333E-2 3.36333E-2	
 77.90000 0.21957E+0 1.71856E-2 1.71856E-2	
