 8.89000 1.06700E+0 8.35500E-2 8.35500E-2	
 10.30000 1.06700E+0 8.35500E-2 8.35500E-2	
 11.30000 1.21600E+0 7.67600E-2 7.67600E-2	
 12.40000 1.05000E+0 8.22000E-2 8.22000E-2	
 13.70000 1.13900E+0 8.91800E-2 8.91800E-2	
 15.60000 0.96790E+0 7.57600E-2 7.57600E-2	
 17.00000 0.83580E+0 7.78800E-2 7.78800E-2	
 18.00000 0.79590E+0 6.23000E-2 6.23000E-2	
 19.30000 0.74570E+0 5.83700E-2 5.83700E-2	
 20.50000 0.67620E+0 4.26900E-2 4.26900E-2	
 21.70000 0.59350E+0 5.53000E-2 5.53000E-2	
 22.90000 0.52100E+0 4.07800E-2 4.07800E-2	
 24.10000 0.46480E+0 2.93400E-2 2.93400E-2	
 25.50000 0.40800E+0 3.19300E-2 3.19300E-2	
 26.80000 0.35810E+0 3.33700E-2 3.33700E-2	
 28.20000 0.33010E+0 2.58300E-2 2.58300E-2	
 29.20000 0.28970E+0 1.82900E-2 1.82900E-2	
 31.70000 0.22690E+0 1.77600E-2 1.77600E-2	
 33.60000 0.18060E+0 1.21700E-2 1.21700E-2	
 34.60000 0.15850E+0 1.34600E-2 1.34600E-2	
 35.40000 0.13460E+0 1.05400E-2 1.05400E-2	
 37.00000 0.12210E+0 9.55700E-3 9.55700E-3	
 38.70000 0.11820E+0 1.10100E-2 1.10100E-2	
 40.30000 0.12010E+0 7.58300E-3 7.58300E-3	
 41.80000 0.10370E+0 6.54800E-3 6.54800E-3	
 42.80000 8.81300E-2 7.48400E-3 7.48400E-3	
 44.10000 6.90100E-2 5.40200E-3 5.40200E-3	
 45.70000 5.40400E-2 5.03600E-3 5.03600E-3	
 46.70000 4.44400E-2 4.14100E-3 4.14100E-3	
 49.80000 4.16400E-2 3.25900E-3 3.25900E-3	
 51.30000 4.16400E-2 3.25900E-3 3.25900E-3	
 53.00000 3.53700E-2 2.76900E-3 2.76900E-3	
 54.00000 2.86200E-2 2.24000E-3 2.24000E-3	
 55.50000 2.43100E-2 2.26500E-3 2.26500E-3	
 56.60000 2.06600E-2 1.61700E-3 1.61700E-3	
 57.30000 1.78400E-2 1.39600E-3 1.39600E-3	
 58.30000 1.56600E-2 1.22500E-3 1.22500E-3	
 60.00000 1.84300E-2 1.44200E-3 1.44200E-3	
 60.10000 1.56600E-2 1.22500E-3 1.22500E-3	
 61.70000 1.51500E-2 1.18600E-3 1.18600E-3	
 62.80000 1.37400E-2 1.07600E-3 1.07600E-3	
 65.10000 1.09400E-2 8.56200E-4 8.56200E-4	
 67.00000 7.64200E-3 5.98100E-4 5.98100E-4	
 67.40000 6.18200E-3 5.76100E-4 5.76100E-4	
 68.70000 4.39000E-3 3.43600E-4 3.43600E-4	
 70.50000 4.53600E-3 3.55000E-4 3.55000E-4	
 72.60000 6.49200E-3 5.08200E-4 5.08200E-4	
 73.80000 5.42600E-3 4.24700E-4 4.24700E-4	
 75.50000 7.39700E-3 6.89200E-4 6.89200E-4	
 77.90000 5.00200E-3 3.91500E-4 3.91500E-4	
