 8.12000 0.18800E+0 1.69000E-2 1.69000E-2	
 8.88000 0.24300E+0 2.44000E-2 2.44000E-2	
 9.47000 5.47000E-2 2.42000E-2 2.42000E-2	
 10.00000 5.86000E-2 5.88000E-3 5.88000E-3	
 10.80000 0.11500E+0 1.27000E-2 1.27000E-2	
 11.30000 0.16200E+0 1.97000E-2 1.97000E-2	
 11.80000 0.16400E+0 1.82000E-2 1.82000E-2	
 12.70000 0.11400E+0 1.51000E-2 1.51000E-2	
 13.30000 3.86000E-2 1.28000E-2 1.28000E-2	
 13.90000 1.64000E-2 4.03000E-3 4.03000E-3	
 14.40000 7.68000E-3 3.48000E-3 3.48000E-3	
 15.00000 3.76000E-2 4.40000E-3 4.40000E-3	
 15.60000 6.26000E-2 4.98000E-3 4.98000E-3	
 16.10000 7.44000E-2 7.48000E-3 7.48000E-3	
 16.70000 6.77000E-2 6.09000E-3 6.09000E-3	
 17.30000 5.13000E-2 4.10000E-3 4.10000E-3	
 17.80000 3.71000E-2 4.52000E-3 4.52000E-3	
 18.30000 1.20000E-2 3.99000E-3 3.99000E-3	
 18.90000 3.01000E-3 1.44000E-3 1.44000E-3	
 19.60000 8.44000E-3 8.49000E-4 8.49000E-4	
 20.20000 1.87000E-2 1.88000E-3 1.88000E-3	
 20.70000 2.88000E-2 2.90000E-3 2.90000E-3	
 21.30000 3.62000E-2 4.02000E-3 4.02000E-3	
 21.90000 3.05000E-2 3.07000E-3 3.07000E-3	
 22.30000 2.02000E-2 6.47000E-3 6.47000E-3	
 23.00000 8.73000E-3 1.74000E-3 1.74000E-3	
 23.60000 4.27000E-3 1.15000E-3 1.15000E-3	
 24.20000 5.17000E-3 1.21000E-3 1.21000E-3	
 24.60000 7.73000E-3 6.97000E-4 6.97000E-4	
 25.20000 1.18000E-2 1.06000E-3 1.06000E-3	
 25.80000 1.36000E-2 1.37000E-3 1.37000E-3	
 26.40000 1.53000E-2 1.38000E-3 1.38000E-3	
 27.00000 1.26000E-2 1.27000E-3 1.27000E-3	
 27.50000 7.91000E-3 7.12000E-4 7.12000E-4	
 28.10000 6.54000E-3 5.90000E-4 5.90000E-4	
 28.70000 4.55000E-3 4.10000E-4 4.10000E-4	
 29.20000 4.56000E-3 5.06000E-4 5.06000E-4	
 29.90000 4.88000E-3 4.44000E-4 4.44000E-4	
 30.40000 5.85000E-3 5.26000E-4 5.26000E-4	
 31.00000 5.58000E-3 4.45000E-4 4.45000E-4	
 31.40000 5.75000E-3 5.17000E-4 5.17000E-4	
 31.90000 5.18000E-3 4.13000E-4 4.13000E-4	
 32.50000 4.32000E-3 3.89000E-4 3.89000E-4	
 33.20000 2.58000E-3 6.36000E-4 6.36000E-4	
 33.90000 2.18000E-3 2.19000E-4 2.19000E-4	
 34.30000 1.68000E-3 2.05000E-4 2.05000E-4	
 35.00000 2.33000E-3 2.59000E-4 2.59000E-4	
 35.50000 2.33000E-3 2.59000E-4 2.59000E-4	
 36.10000 2.33000E-3 2.59000E-4 2.59000E-4	
 37.10000 2.19000E-3 2.66000E-4 2.66000E-4	
 37.90000 2.15000E-3 2.61000E-4 2.61000E-4	
 38.30000 1.70000E-3 4.40000E-4 4.40000E-4	
 38.70000 1.94000E-3 3.42000E-4 3.42000E-4	
 40.60000 2.35000E-3 3.63000E-4 3.63000E-4	
 42.30000 2.62000E-3 4.04000E-4 4.04000E-4	
 44.00000 1.51000E-3 3.86000E-4 3.86000E-4	
 44.70000 1.12000E-3 2.11000E-4 2.11000E-4	
 47.30000 1.67000E-3 1.67000E-4 1.67000E-4	
 49.00000 8.15000E-4 1.17000E-4 1.17000E-4	
 50.70000 9.08000E-4 1.21000E-4 1.21000E-4	
