 8.12000 1.89687E+3 1.70517E+2 1.70517E+2	
 8.88000 1.71531E+3 1.72237E+2 1.72237E+2	
 9.47000 2.98686E+2 1.32143E+2 1.32143E+2	
 10.00000 2.57486E+2 2.58365E+1 2.58365E+1	
 10.80000 3.71728E+2 4.10517E+1 4.10517E+1	
 11.30000 4.37188E+2 5.31642E+1 5.31642E+1	
 11.80000 3.72424E+2 4.13299E+1 4.13299E+1	
 12.70000 1.93151E+2 2.55841E+1 2.55841E+1	
 13.30000 5.44168E+1 1.80449E+1 1.80449E+1	
 13.90000 1.93953E+1 4.76605E+0 4.76605E+0	
 14.40000 7.89107E+0 3.57564E+0 3.57564E+0	
 15.00000 3.28426E+1 3.84328E+0 3.84328E+0	
 15.60000 4.67838E+1 3.72178E+0 3.72178E+0	
 16.10000 4.90500E+1 4.93137E+0 4.93137E+0	
 16.70000 3.85946E+1 3.47180E+0 3.47180E+0	
 17.30000 2.54207E+1 2.03167E+0 2.03167E+0	
 17.80000 1.64186E+1 2.00032E+0 2.00032E+0	
 18.30000 4.75792E+0 1.58201E+0 1.58201E+0	
 18.90000 1.05015E+0 0.50240E+0 0.50240E+0	
 19.60000 2.54945E+0 0.25646E+0 0.25646E+0	
 20.20000 5.01294E+0 0.50397E+0 0.50397E+0	
 20.70000 7.00841E+0 0.70571E+0 0.70571E+0	
 21.30000 7.86784E+0 0.87372E+0 0.87372E+0	
 21.90000 5.93966E+0 0.59786E+0 0.59786E+0	
 22.30000 3.66236E+0 1.17304E+0 1.17304E+0	
 23.00000 1.40098E+0 0.27923E+0 0.27923E+0	
 23.60000 0.61905E+0 0.16672E+0 0.16672E+0	
 24.20000 0.67891E+0 0.15889E+0 0.15889E+0	
 24.60000 0.95160E+0 8.58038E-2 8.58038E-2	
 25.20000 1.32116E+0 0.11868E+0 0.11868E+0	
 25.80000 1.38807E+0 0.13983E+0 0.13983E+0	
 26.40000 1.42666E+0 0.12868E+0 0.12868E+0	
 27.00000 1.07565E+0 0.10842E+0 0.10842E+0	
 27.50000 0.62835E+0 5.65596E-2 5.65596E-2	
 28.10000 0.47736E+0 4.30648E-2 4.30648E-2	
 28.70000 0.30573E+0 2.75490E-2 2.75490E-2	
 29.20000 0.28637E+0 3.17768E-2 3.17768E-2	
 29.90000 0.27935E+0 2.54159E-2 2.54159E-2	
 30.40000 0.31386E+0 2.82206E-2 2.82206E-2	
 31.00000 0.27738E+0 2.21210E-2 2.21210E-2	
 31.40000 0.27189E+0 2.44465E-2 2.44465E-2	
 31.90000 0.23031E+0 1.83626E-2 1.83626E-2	
 32.50000 0.17863E+0 1.60849E-2 1.60849E-2	
 33.20000 9.81950E-2 2.42062E-2 2.42062E-2	
 33.90000 7.65105E-2 7.68615E-3 7.68615E-3	
 34.30000 5.63380E-2 6.87458E-3 6.87458E-3	
 35.00000 7.22484E-2 8.03105E-3 8.03105E-3	
 35.50000 6.83863E-2 7.60174E-3 7.60174E-3	
 36.10000 6.40925E-2 7.12445E-3 7.12445E-3	
 37.10000 5.42068E-2 6.58402E-3 6.58402E-3	
 37.90000 4.90139E-2 5.95006E-3 5.95006E-3	
 38.30000 3.72193E-2 9.63324E-3 9.63324E-3	
 38.70000 4.08091E-2 7.19418E-3 7.19418E-3	
 40.60000 4.11256E-2 6.35259E-3 6.35259E-3	
 42.30000 3.91943E-2 6.04370E-3 6.04370E-3	
 44.00000 1.94408E-2 4.96965E-3 4.96965E-3	
 44.70000 1.35806E-2 2.55849E-3 2.55849E-3	
 47.30000 1.63507E-2 1.63507E-3 1.63507E-3	
 49.00000 6.98698E-3 1.00304E-3 1.00304E-3	
 50.70000 6.85102E-3 9.12967E-4 9.12967E-4	
