 4.36300 0.22640E+0 3.17500E-2 3.17500E-2	
 4.82300 0.16720E+0 2.35000E-2 2.35000E-2	
 5.20800 0.19250E+0 2.48000E-2 2.48000E-2	
 5.67000 0.25030E+0 3.30100E-2 3.30100E-2	
 6.05500 0.27970E+0 4.24700E-2 4.24700E-2	
 6.51600 0.27130E+0 3.80500E-2 3.80500E-2	
 6.97600 0.20450E+0 3.10500E-2 3.10500E-2	
 7.01400 0.19050E+0 2.84300E-2 2.84300E-2	
 7.43500 0.12720E+0 1.35100E-2 1.35100E-2	
 7.47300 0.10930E+0 1.24800E-2 1.24800E-2	
 7.89300 6.02300E-2 8.46800E-3 8.46800E-3	
 8.35300 4.31600E-2 7.05800E-3 7.05800E-3	
 8.81700 8.31900E-2 1.09700E-2 1.09700E-2	
 9.24100 0.12970E+0 1.37900E-2 1.37900E-2	
 9.66500 0.16530E+0 1.94100E-2 1.94100E-2	
 10.20000 0.13500E+0 1.73900E-2 1.73900E-2	
 10.66000 9.48200E-2 1.22100E-2 1.22100E-2	
 11.08000 5.12000E-2 6.59700E-3 6.59700E-3	
 11.12000 3.21800E-2 4.51300E-3 4.51300E-3	
 11.54000 2.19200E-2 2.82300E-3 2.82300E-3	
 11.62000 1.61900E-2 2.55400E-3 2.55400E-3	
 12.00000 1.60300E-2 2.06400E-3 2.06400E-3	
 12.46000 3.78100E-2 5.31700E-3 5.31700E-3	
 12.97000 6.07700E-2 9.23100E-3 9.23100E-3	
 13.35000 7.66500E-2 1.07500E-2 1.07500E-2	
 13.89000 7.82000E-2 1.09700E-2 1.09700E-2	
 13.89000 6.58600E-2 7.51600E-3 7.51600E-3	
 14.27000 5.49100E-2 7.72200E-3 7.72200E-3	
 14.35000 6.58600E-2 9.23700E-3 9.23700E-3	
 14.77000 3.81700E-2 5.36600E-3 5.36600E-3	
 15.23000 2.23500E-2 2.94700E-3 2.94700E-3	
 15.73000 1.23100E-2 1.73100E-3 1.73100E-3	
 16.11000 1.88200E-2 2.42400E-3 2.42400E-3	
 16.57000 2.73400E-2 3.83500E-3 3.83500E-3	
 17.11000 3.44800E-2 4.54600E-3 4.54600E-3	
 17.50000 3.77600E-2 4.86400E-3 4.86400E-3	
 18.00000 3.62600E-2 4.78100E-3 4.78100E-3	
 18.42000 3.05400E-2 4.63700E-3 4.63700E-3	
 18.46000 2.54600E-2 3.35700E-3 3.35700E-3	
 18.88000 1.99800E-2 2.63500E-3 2.63500E-3	
 18.88000 2.34800E-2 3.29400E-3 3.29400E-3	
 19.30000 1.66600E-2 2.19600E-3 2.19600E-3	
 19.80000 1.47500E-2 2.07400E-3 2.07400E-3	
 20.26000 1.56700E-2 1.92900E-3 1.92900E-3	
 20.76000 1.91800E-2 2.86200E-3 2.86200E-3	
 21.22000 2.25400E-2 2.64900E-3 2.64900E-3	
 21.34000 2.10000E-2 2.58400E-3 2.58400E-3	
 21.65000 2.23100E-2 2.94200E-3 2.94200E-3	
 22.11000 2.14200E-2 2.63600E-3 2.63600E-3	
 22.53000 1.95600E-2 2.52000E-3 2.52000E-3	
 22.99000 1.87800E-2 2.42000E-3 2.42000E-3	
 23.07000 1.68100E-2 1.91800E-3 1.91800E-3	
 23.49000 1.51900E-2 2.26700E-3 2.26700E-3	
 23.91000 1.50400E-2 2.11400E-3 2.11400E-3	
 24.37000 1.47400E-2 1.94300E-3 1.94300E-3	
 24.83000 1.59700E-2 2.38400E-3 2.38400E-3	
 25.33000 1.59700E-2 2.24500E-3 2.24500E-3	
 25.76000 1.64600E-2 2.31400E-3 2.31400E-3	
 26.26000 1.71400E-2 2.40900E-3 2.40900E-3	
 26.68000 1.66200E-2 2.33700E-3 2.33700E-3	
 27.14000 1.47300E-2 1.94100E-3 1.94100E-3	
 27.60000 1.40000E-2 2.20800E-3 2.20800E-3	
 28.02000 1.19100E-2 2.07900E-3 2.07900E-3	
 28.33000 1.03400E-2 1.63100E-3 1.63100E-3	
 28.75000 1.00300E-2 1.23400E-3 1.23400E-3	
 29.17000 9.72800E-3 1.36800E-3 1.36800E-3	
 29.67000 9.82600E-3 1.46600E-3 1.46600E-3	
 30.10000 8.44400E-3 1.18700E-3 1.18700E-3	
 30.52000 8.19100E-3 1.15200E-3 1.15200E-3	
 30.98000 7.32900E-3 1.28000E-3 1.28000E-3	
 31.44000 6.96700E-3 1.21600E-3 1.21600E-3	
 31.75000 5.98700E-3 8.93400E-4 8.93400E-4	
 32.21000 6.04700E-3 1.00500E-3 1.00500E-3	
 32.63000 5.09300E-3 8.46600E-4 8.46600E-4	
 33.51000 3.87600E-3 7.09000E-4 7.09000E-4	
 33.97000 3.91500E-3 6.83600E-4 6.83600E-4	
 34.40000 3.72200E-3 6.80700E-4 6.80700E-4	
 34.86000 3.39800E-3 6.49500E-4 6.49500E-4	
 36.01000 2.97900E-3 5.93600E-4 5.93600E-4	
 36.47000 2.58600E-3 6.37100E-4 6.37100E-4	
 37.31000 2.13400E-3 4.92900E-4 4.92900E-4	
 37.81000 1.69200E-3 4.67100E-4 4.67100E-4	
 38.24000 1.42500E-3 3.83000E-4 3.83000E-4	
