 4.36300 1.15513E+4 1.61994E+3 1.61994E+3	
 4.82300 5.71422E+3 8.03135E+2 8.03135E+2	
 5.20800 4.83974E+3 6.23509E+2 6.23509E+2	
 5.67000 4.48038E+3 5.90880E+2 5.90880E+2	
 6.05500 3.85054E+3 5.84670E+2 5.84670E+2	
 6.51600 2.78573E+3 3.90700E+2 3.90700E+2	
 6.97600 1.59889E+3 2.42765E+2 2.42765E+2	
 7.01400 1.45745E+3 2.17508E+2 2.17508E+2	
 7.43500 7.71009E+2 8.18894E+1 8.18894E+1	
 7.47300 6.49155E+2 7.41213E+1 7.41213E+1	
 7.89300 2.87538E+2 4.04262E+1 4.04262E+1	
 8.35300 1.64334E+2 2.68737E+1 2.68737E+1	
 8.81700 2.55258E+2 3.36600E+1 3.36600E+1	
 9.24100 3.29932E+2 3.50791E+1 3.50791E+1	
 9.66500 3.51562E+2 4.12815E+1 4.12815E+1	
 10.20000 2.31582E+2 2.98312E+1 2.98312E+1	
 10.66000 1.36413E+2 1.75659E+1 1.75659E+1	
 11.08000 6.31387E+1 8.13527E+0 8.13527E+0	
 11.12000 3.91175E+1 5.48593E+0 5.48593E+0	
 11.54000 2.29843E+1 2.96007E+0 2.96007E+0	
 11.62000 1.65150E+1 2.60526E+0 2.60526E+0	
 12.00000 1.43834E+1 1.85199E+0 1.85199E+0	
 12.46000 2.92036E+1 4.10673E+0 4.10673E+0	
 12.97000 4.00052E+1 6.07682E+0 6.07682E+0	
 13.35000 4.49775E+1 6.30800E+0 6.30800E+0	
 13.89000 3.91860E+1 5.49706E+0 5.49706E+0	
 13.89000 3.30024E+1 3.76626E+0 3.76626E+0	
 14.27000 2.47130E+1 3.47539E+0 3.47539E+0	
 14.35000 2.89890E+1 4.06577E+0 4.06577E+0	
 14.77000 1.49792E+1 2.10581E+0 2.10581E+0	
 15.23000 7.76376E+0 1.02371E+0 1.02371E+0	
 15.73000 3.76079E+0 0.52883E+0 0.52883E+0	
 16.11000 5.22926E+0 0.67352E+0 0.67352E+0	
 16.57000 6.79272E+0 0.95282E+0 0.95282E+0	
 17.11000 7.54230E+0 0.99441E+0 0.99441E+0	
 17.50000 7.55291E+0 0.97292E+0 0.97292E+0	
 18.00000 6.48581E+0 0.85518E+0 0.85518E+0	
 18.42000 4.98511E+0 0.75691E+0 0.75691E+0	
 18.46000 4.12030E+0 0.54328E+0 0.54328E+0	
 18.88000 2.95754E+0 0.39005E+0 0.39005E+0	
 18.88000 3.47563E+0 0.48759E+0 0.48759E+0	
 19.30000 2.26018E+0 0.29792E+0 0.29792E+0	
 19.80000 1.80826E+0 0.25426E+0 0.25426E+0	
 20.26000 1.75407E+0 0.21593E+0 0.21593E+0	
 20.76000 1.94953E+0 0.29090E+0 0.29090E+0	
 21.22000 2.10082E+0 0.24690E+0 0.24690E+0	
 21.34000 1.91413E+0 0.23553E+0 0.23553E+0	
 21.65000 1.92084E+0 0.25330E+0 0.25330E+0	
 22.11000 1.69720E+0 0.20886E+0 0.20886E+0	
 22.53000 1.43882E+0 0.18537E+0 0.18537E+0	
 22.99000 1.27552E+0 0.16436E+0 0.16436E+0	
 23.07000 1.12617E+0 0.12849E+0 0.12849E+0	
 23.49000 0.94773E+0 0.14144E+0 0.14144E+0	
 23.91000 0.87504E+0 0.12299E+0 0.12299E+0	
 24.37000 0.79555E+0 0.10487E+0 0.10487E+0	
 24.83000 0.80074E+0 0.11953E+0 0.11953E+0	
 25.33000 0.74031E+0 0.10407E+0 0.10407E+0	
 25.76000 0.71413E+0 0.10040E+0 0.10040E+0	
 26.26000 0.68951E+0 9.69095E-2 9.69095E-2	
 26.68000 0.62819E+0 8.83315E-2 8.83315E-2	
 27.14000 0.52061E+0 6.86016E-2 6.86016E-2	
 27.60000 0.46323E+0 7.30581E-2 7.30581E-2	
 28.02000 0.37142E+0 6.48343E-2 6.48343E-2	
 28.33000 0.30885E+0 4.87166E-2 4.87166E-2	
 28.75000 0.28281E+0 3.47940E-2 3.47940E-2	
 29.17000 0.25915E+0 3.64434E-2 3.64434E-2	
 29.67000 0.24493E+0 3.65422E-2 3.65422E-2	
 30.10000 0.19897E+0 2.79695E-2 2.79695E-2	
 30.52000 0.18284E+0 2.57145E-2 2.57145E-2	
 30.98000 0.15432E+0 2.69510E-2 2.69510E-2	
 31.44000 0.13850E+0 2.41730E-2 2.41730E-2	
 31.75000 0.11455E+0 1.70935E-2 1.70935E-2	
 32.21000 0.10939E+0 1.81809E-2 1.81809E-2	
 32.63000 8.76036E-2 1.45622E-2 1.45622E-2	
 33.51000 6.01164E-2 1.09965E-2 1.09965E-2	
 33.97000 5.75897E-2 1.00558E-2 1.00558E-2	
 34.40000 5.21423E-2 9.53607E-3 9.53607E-3	
 34.86000 4.52135E-2 8.64219E-3 8.64219E-3	
 36.01000 3.49576E-2 6.96569E-3 6.96569E-3	
 36.47000 2.88927E-2 7.11816E-3 7.11816E-3	
 37.31000 2.18360E-2 5.04356E-3 5.04356E-3	
 37.81000 1.64470E-2 4.54042E-3 4.54042E-3	
 38.24000 1.32612E-2 3.56424E-3 3.56424E-3	
