 4.45200 9.66100E+3 6.63700E+2 6.63700E+2	
 5.02800 5.40500E+3 4.75000E+2 4.75000E+2	
 5.74100 5.37900E+3 3.72000E+2 3.72000E+2	
 6.31600 4.78100E+3 3.14600E+2 3.14600E+2	
 6.80900 2.96700E+3 2.23100E+2 2.23100E+2	
 7.38500 1.23000E+3 1.01200E+2 1.01200E+2	
 7.98600 3.08800E+2 1.99400E+1 1.99400E+1	
 8.56900 1.26500E+2 9.41200E+0 9.41200E+0	
 9.11400 2.73100E+2 1.87000E+1 1.87000E+1	
 9.68800 3.91500E+2 3.23900E+1 3.23900E+1	
 10.30000 3.44400E+2 2.39000E+1 2.39000E+1	
 10.92000 2.24100E+2 1.55400E+1 1.55400E+1	
 11.47000 8.04600E+1 6.16200E+0 6.16200E+0	
 12.04000 1.27300E+1 0.88220E+0 0.88220E+0	
 12.66000 1.16900E+1 0.80830E+0 0.80830E+0	
 13.24000 3.79500E+1 2.62500E+0 2.62500E+0	
 13.84000 5.20900E+1 4.30100E+0 4.30100E+0	
 14.40000 4.92200E+1 4.06900E+0 4.06900E+0	
 14.91000 3.15700E+1 2.18100E+0 2.18100E+0	
 15.53000 1.47400E+1 0.98870E+0 0.98870E+0	
 16.11000 5.55600E+0 0.37180E+0 0.37180E+0	
 16.68000 4.36900E+0 0.30210E+0 0.30210E+0	
 17.28000 6.63000E+0 0.63320E+0 0.63320E+0	
 17.82000 9.23100E+0 0.76230E+0 0.76230E+0	
 18.43000 8.97800E+0 0.62240E+0 0.62240E+0	
 19.00000 7.31200E+0 0.46980E+0 0.46980E+0	
 19.57000 4.17600E+0 0.37460E+0 0.37460E+0	
 20.15000 2.24100E+0 0.15920E+0 0.15920E+0	
 20.75000 1.47700E+0 0.10240E+0 0.10240E+0	
 21.28000 1.61000E+0 0.11050E+0 0.11050E+0	
 21.86000 1.97200E+0 0.13600E+0 0.13600E+0	
 22.41000 2.15100E+0 0.12050E+0 0.12050E+0	
 23.05000 1.82900E+0 0.14210E+0 0.14210E+0	
 24.15000 0.93820E+0 7.73300E-2 7.73300E-2	
 25.32000 0.63790E+0 4.41200E-2 4.41200E-2	
 26.44000 0.65080E+0 4.72500E-2 4.72500E-2	
 27.60000 0.64950E+0 5.34300E-2 5.34300E-2	
 28.77000 0.41700E+0 2.88100E-2 2.88100E-2	
 29.90000 0.26010E+0 2.14400E-2 2.14400E-2	
 31.05000 0.20910E+0 1.34800E-2 1.34800E-2	
 32.18000 0.21050E+0 1.45200E-2 1.45200E-2	
 34.35000 0.11750E+0 8.28000E-3 8.28000E-3	
 36.70000 5.34500E-2 5.09200E-3 5.09200E-3	
 39.00000 2.54300E-2 2.75500E-3 2.75500E-3	
 41.24000 9.41400E-3 1.65900E-3 1.65900E-3	
 43.47000 5.67600E-3 9.65500E-4 9.65500E-4	
