 4.45200 0.15716E+0 1.07968E-2 1.07968E-2	
 5.02800 0.14301E+0 1.25677E-2 1.25677E-2	
 5.74100 0.24180E+0 1.67227E-2 1.67227E-2	
 6.31600 0.31474E+0 2.07103E-2 2.07103E-2	
 6.80900 0.26373E+0 1.98312E-2 1.98312E-2	
 7.38500 0.15123E+0 1.24428E-2 1.24428E-2	
 7.98600 5.18952E-2 3.35101E-3 3.35101E-3	
 8.56900 2.81664E-2 2.09567E-3 2.09567E-3	
 9.11400 7.77795E-2 5.32580E-3 5.32580E-3	
 9.68800 0.14228E+0 1.17711E-2 1.17711E-2	
 10.30000 0.15981E+0 1.10904E-2 1.10904E-2	
 10.92000 0.13129E+0 9.10439E-3 9.10439E-3	
 11.47000 5.73418E-2 4.39150E-3 4.39150E-3	
 12.04000 1.10072E-2 7.62807E-4 7.62807E-4	
 12.66000 1.23468E-2 8.53712E-4 8.53712E-4	
 13.24000 4.79111E-2 3.31401E-3 3.31401E-3	
 13.84000 7.84535E-2 6.47780E-3 6.47780E-3	
 14.40000 8.68073E-2 7.17633E-3 7.17633E-3	
 14.91000 6.39470E-2 4.41775E-3 4.41775E-3	
 15.53000 3.51076E-2 2.35488E-3 2.35488E-3	
 16.11000 1.53094E-2 1.02448E-3 1.02448E-3	
 16.68000 1.38219E-2 9.55730E-4 9.55730E-4	
 17.28000 2.41345E-2 2.30497E-3 2.30497E-3	
 17.82000 3.79674E-2 3.13537E-3 3.13537E-3	
 18.43000 4.22012E-2 2.92560E-3 2.92560E-3	
 19.00000 3.87813E-2 2.49172E-3 2.49172E-3	
 19.57000 2.49006E-2 2.23366E-3 2.23366E-3	
 20.15000 1.50010E-2 1.06567E-3 1.06567E-3	
 20.75000 1.11042E-2 7.69853E-4 7.69853E-4	
 21.28000 1.33738E-2 9.17892E-4 9.17892E-4	
 21.86000 1.82179E-2 1.25640E-3 1.25640E-3	
 22.41000 2.19210E-2 1.22802E-3 1.22802E-3	
 23.05000 2.08308E-2 1.61840E-3 1.61840E-3	
 24.15000 1.28418E-2 1.05847E-3 1.05847E-3	
 25.32000 1.05193E-2 7.27563E-4 7.27563E-4	
 26.44000 1.27230E-2 9.23731E-4 9.23731E-4	
 27.60000 1.50289E-2 1.23632E-3 1.23632E-3	
 28.77000 1.13539E-2 7.84428E-4 7.84428E-4	
 29.90000 8.23393E-3 6.78722E-4 6.78722E-4	
 31.05000 7.67061E-3 4.94499E-4 4.94499E-4	
 32.18000 8.87651E-3 6.12289E-4 6.12289E-4	
 34.35000 6.38542E-3 4.49968E-4 4.49968E-4	
 36.70000 3.75277E-3 3.57513E-4 3.57513E-4	
 39.00000 2.25672E-3 2.44485E-4 2.44485E-4	
 41.24000 1.03496E-3 1.82388E-4 1.82388E-4	
 43.47000 7.62911E-4 1.29773E-4 1.29773E-4	
