 6.52200 2.65445E+4 2.93102E+3 2.93102E+3	
 7.77800 1.05078E+4 1.05048E+3 1.05048E+3	
 8.90700 6.33081E+3 6.99229E+2 6.99229E+2	
 10.03000 3.50370E+3 3.50155E+2 3.50155E+2	
 11.15000 1.20573E+3 1.33083E+2 1.33083E+2	
 12.27000 4.58116E+2 4.97060E+1 4.97060E+1	
 13.27000 4.23496E+2 4.67647E+1 4.67647E+1	
 14.40000 4.00292E+2 4.42642E+1 4.42642E+1	
 15.26000 2.85809E+2 2.86011E+1 2.86011E+1	
 15.52000 2.49059E+2 2.75007E+1 2.75007E+1	
 15.72000 1.98539E+2 1.77209E+1 1.77209E+1	
 16.18000 1.35226E+2 1.35194E+1 1.35194E+1	
 16.70000 7.82218E+1 7.82501E+0 7.82501E+0	
 17.75000 2.61018E+1 2.82909E+0 2.82909E+0	
 18.42000 3.05444E+1 3.61947E+0 3.61947E+0	
 18.89000 3.57576E+1 4.22945E+0 4.22945E+0	
 19.69000 4.41047E+1 4.40605E+0 4.40605E+0	
 20.42000 3.99959E+1 4.41919E+0 4.41919E+0	
 21.35000 2.74722E+1 3.03221E+0 3.03221E+0	
 21.93000 1.58326E+1 1.74533E+0 1.74533E+0	
 22.46000 9.23004E+0 1.01797E+0 1.01797E+0	
 22.97000 3.34882E+0 0.36997E+0 0.36997E+0	
 23.43000 1.98419E+0 0.19849E+0 0.19849E+0	
 24.70000 4.01301E+0 0.44312E+0 0.44312E+0	
 25.78000 6.76173E+0 0.74760E+0 0.74760E+0	
 27.04000 5.10209E+0 0.56500E+0 0.56500E+0	
 28.15000 2.23354E+0 0.26925E+0 0.26925E+0	
 29.25000 0.28159E+0 3.04674E-2 3.04674E-2	
 30.51000 0.30881E+0 3.73300E-2 3.73300E-2	
 32.73000 1.03788E+0 0.11458E+0 0.11458E+0	
 33.79000 0.74193E+0 8.19508E-2 8.19508E-2	
 34.96000 0.24879E+0 3.00601E-2 3.00601E-2	
 35.98000 2.08944E-2 2.30876E-3 2.30876E-3	
 37.20000 6.81233E-2 7.53614E-3 7.53614E-3	
 38.41000 0.15355E+0 1.66243E-2 1.66243E-2	
 39.48000 0.16849E+0 2.03612E-2 2.03612E-2	
 40.67000 0.11081E+0 1.22293E-2 1.22293E-2	
 41.58000 4.75553E-2 5.25528E-3 5.25528E-3	
 42.82000 1.21322E-2 1.34156E-3 1.34156E-3	
