 6.52200 0.44150E+0 4.87500E-2 4.87500E-2	
 7.77800 0.35320E+0 3.53100E-2 3.53100E-2	
 8.90700 0.36560E+0 4.03800E-2 4.03800E-2	
 10.03000 0.32500E+0 3.24800E-2 3.24800E-2	
 11.15000 0.17060E+0 1.88300E-2 1.88300E-2	
 12.27000 9.49300E-2 1.03000E-2 1.03000E-2	
 13.27000 0.11990E+0 1.32400E-2 1.32400E-2	
 14.40000 0.15690E+0 1.73500E-2 1.73500E-2	
 15.26000 0.14110E+0 1.41200E-2 1.41200E-2	
 15.52000 0.13150E+0 1.45200E-2 1.45200E-2	
 15.72000 0.11030E+0 9.84500E-3 9.84500E-3	
 16.18000 8.42500E-2 8.42300E-3 8.42300E-3	
 16.70000 5.52600E-2 5.52800E-3 5.52800E-3	
 17.75000 2.34900E-2 2.54600E-3 2.54600E-3	
 18.42000 3.18400E-2 3.77300E-3 3.77300E-3	
 18.89000 4.11900E-2 4.87200E-3 4.87200E-3	
 19.69000 5.98800E-2 5.98200E-3 5.98200E-3	
 20.42000 6.27200E-2 6.93000E-3 6.93000E-3	
 21.35000 5.13800E-2 5.67100E-3 5.67100E-3	
 21.93000 3.29200E-2 3.62900E-3 3.62900E-3	
 22.46000 2.10900E-2 2.32600E-3 2.32600E-3	
 22.97000 8.36100E-3 9.23700E-4 9.23700E-4	
 23.43000 5.35700E-3 5.35900E-4 5.35900E-4	
 24.70000 1.33400E-2 1.47300E-3 1.47300E-3	
 25.78000 2.66000E-2 2.94100E-3 2.94100E-3	
 27.04000 2.42100E-2 2.68100E-3 2.68100E-3	
 28.15000 1.24100E-2 1.49600E-3 1.49600E-3	
 29.25000 1.81800E-3 1.96700E-4 1.96700E-4	
 30.51000 2.35100E-3 2.84200E-4 2.84200E-4	
 32.73000 1.03900E-2 1.14700E-3 1.14700E-3	
 33.79000 8.40700E-3 9.28600E-4 9.28600E-4	
 34.96000 3.21700E-3 3.88700E-4 3.88700E-4	
 35.98000 3.02000E-4 3.33700E-5 3.33700E-5	
 37.20000 1.12000E-3 1.23900E-4 1.23900E-4	
 38.41000 2.85600E-3 3.09200E-4 3.09200E-4	
 39.48000 3.48300E-3 4.20900E-4 4.20900E-4	
 40.67000 2.56700E-3 2.83300E-4 2.83300E-4	
 41.58000 1.19900E-3 1.32500E-4 1.32500E-4	
 42.82000 3.42200E-4 3.78400E-5 3.78400E-5	
